44
29
9
-20
-69
-114
-166
-199
-242
-256
-256
-256
-256
-256
-256
-256
-256
-256
-256
-256
-256
-256
-256
-256
-256
-256
-256
-256
-256
-256
-256
-256
-256
-250
-236
-214
-195
-185
-172
-159
-138
-128
-113
-108
-98
-90
-74
-65
-56
-54
-48
-41
-28
-25
-24
-19
-14
-4
1
3
3
6
7
14
16
22
16
18
21
27
29
29
25
26
25
31
35
34
32
32
31
36
40
39
37
33
33
33
41
42
42
35
36
37
46
44
42
37
42
38
43
44
43
40
39
38
45
41
41
34
32
35
40
39
37
32
31
28
33
35
32
28
24
25
24
25
26
22
18
23
24
19
14
9
7
15
13
10
4
7
2
7
5
3
-2
-1
4
3
3
-7
-6
-9
0
-3
-7
-9
-14
-12
-6
-9
-15
-15
-16
-11
-12
-15
-18
-17
-17
-12
-17
-18
-21
-22
-17
-15
-19
-24
-24
-23
-20
-21
-22
-27
-28
-30
-25
-26
-28
-34
-32
-34
-28
-29
-31
-36
-37
-37
-33
-33
-37
-41
-43
-41
-36
-34
-38
-42
-43
-44
-40
-39
-38
-46
-47
-45
-41
-39
-41
-47
-49
-48
-42
-46
-45
-49
-55
-53
-49
-44
-41
-50
-48
-48
-39
-38
-37
-44
-41
-40
-31
-29
-29
-30
-28
-22
-18
-9
-8
-7
-5
0
12
20
26
24
31
40
53
60
63
69
78
80
99
104
110
111
120
132
143
151
151
157
165
176
183
186
189
191
199
213
215
220
219
223
231
239
240
239
238
243
253
252
255
251
249
249
257
255
255
249
246
250
250
245
238
234
229
234
230
220
212
209
201
198
191
185
174
167
163
162
152
143
133
128
118
118
111
105
94
85
80
82
73
66
56
54
50
47
43
39
28
24
19
22
21
14
8
5
4
5
6
2
-3
-6
-9
-1
-6
-7
-14
-16
-13
-13
-11
-11
-19
-20
-17
-13
-14
-13
-21
-22
-25
-17
-17
-18
-25
-25
-21
-16
-20
-21
-18
-23
-25
-17
-17
-20
-26
-24
-21
-17
-17
-19
-23
-22
-24
-17
-17
-28
-24
-25
-16
-16
-19
-22
-26
-23
-17
-20
-19
-25
-20
-23
-15
-17
-22
-21
-21
-14
-16
-15
-20
-23
-22
-11
-16
-16
-21
-18
-13
-12
-12
-17
-21
-18
-13
-10
-12
-17
-15
-16
-11
-10
-12
-15
-13
-13
-6
-5
-7
-9
-10
-8
-5
-1
-2
-5
-6
-6
2
2
2
-1
0
0
9
6
7
5
5
2
10
12
7
6
6
7
10
11
14
5
8
6
13
13
14
8
8
7
18
20
17
13
15
13
18
21
21
12
13
18
20
25
21
15
16
13
17
17
16
9
8
9
11
11
5
1
4
-1
4
-2
-2
-11
-12
-5
-9
-10
-17
-16
-15
-11
-10
-12
-18
-18
-15
-9
-10
-11
-13
-7
-4
1
-1
-3
-1
-1
8
12
11
7
6
7
15
18
11
14
14
22
21
17
14
16
14
25
24
19
16
20
17
23
22
20
20
17
23
26
24
19
19
17
16
23
24
32
41
59
75
92
104
107
110
112
115
115
98
78
54
38
20
-3
-40
-90
-143
-188
-228
-256
-256
-256
-256
-256
-256
-256
-256
-256
-256
-256
-256
-256
-256
-256
-256
-256
-256
-256
-256
-256
-256
-256
-256
-240
-226
-208
-199
-179
-166
-147
-132
-121
-115
-103
-95
-76
-65
-60
-56
-49
-34
-25
-23
-18
-17
-13
-2
7
7
5
13
11
20
24
25
25
29
32
36
37
34
34
40
46
49
45
42
46
52
54
56
53
55
54
63
62
63
63
61
61
72
72
74
68
67
73
77
77
73
69
73
79
76
77
69
74
71
76
75
72
68
67
65
70
67
63
60
58
54
59
58
52
46
43
39
45
41
37
30
26
29
30
28
22
14
12
10
13
12
9
4
2
-3
1
-1
-5
-9
-15
-15
-13
-13
-15
-22
-26
-25
-23
-21
-25
-28
-32
-34
-35
-30
-33
-39
-40
-40
-42
-39
-39
-48
-50
-52
-43
-47
-48
-56
-54
-55
-52
-53
-53
-58
-61
-62
-55
-55
-63
-62
-63
-56
-63
-57
-65
-63
-66
-59
-62
-63
-70
-73
-66
-66
-69
-73
-74
-73
-69
-74
-73
-76
-79
-78
-70
-75
-78
-79
-81
-74
-74
-78
-82
-80
-82
-75
-74
-76
-82
-83
-73
-70
-70
-75
-73
-73
-64
-64
-63
-65
-61
-58
-49
-45
-41
-44
-38
-34
-25
-19
-13
-15
-7
-2
10
16
26
28
31
40
45
60
64
72
75
86
91
109
115
121
123
129
137
151
161
164
166
173
179
195
199
201
202
207
215
227
232
233
230
236
239
246
251
252
249
246
252
256
258
256
249
250
245
252
248
240
238
234
236
235
226
222
215
209
208
205
196
181
177
175
175
163
151
145
139
137
129
121
109
100
93
97
89
81
70
64
63
61
52
42
38
34
35
34
28
16
15
12
18
14
5
5
3
5
7
3
-3
-6
-7
-2
-3
-5
-13
-13
-12
-9
-7
-9
-18
-17
-17
-8
-13
-14
-16
-18
-16
-9
-11
-15
-19
-21
-18
-11
-14
-17
-22
-19
-23
-15
-15
-16
-19
-22
-22
-17
-14
-17
-16
-23
-23
-15
-17
-16
-20
-21
-22
-16
-17
-15
-18
-23
-20
-15
-13
-17
-20
-23
-20
-17
-14
-16
-16
-19
-18
-13
-13
-12
-19
-17
-17
-9
-10
-13
-17
-16
-17
-8
-9
-14
-17
-17
-11
-9
-10
-15
-10
-14
-9
-7
-12
-11
-10
-7
-2
-5
-9
-8
-5
2
-1
-1
-1
-1
-2
6
5
-2
0
6
10
11
8
4
4
4
12
11
11
7
8
9
14
17
9
11
8
16
16
12
8
8
10
14
14
10
6
6
4
11
8
2
1
-2
-1
0
2
0
-10
-7
-10
-2
-1
-6
-11
-8
-7
-1
-4
-1
-5
-4
1
11
11
11
5
9
12
19
21
24
22
21
26
32
33
33
30
32
32
40
38
42
35
38
37
46
46
48
41
43
43
49
53
48
48
47
47
54
55
54
50
52
50
61
60
62
59
59
63
64
64
61
59
63
68
68
65
64
61
61
67
65
61
58
61
74
81
94
101
113
122
132
138
139
138
137
130
121
104
85
70
46
12
-39
-92
-144
-195
-234
-256
-256
-256
-256
-256
-256
-256
-256
-256
-256
-256
-256
-256
-256
-256
-256
-256
-256
-256
-256
-256
-252
-233
-210
-193
-175
-163
-148
-134
-115
-101
-93
-84
-72
-61
-45
-37
-33
-29
-19
-12
-3
4
10
9
15
20
34
38
42
40
42
49
56
63
63
58
63
67
73
77
79
74
74
78
82
85
90
84
83
84
88
92
90
86
86
90
88
90
88
81
82
77
87
83
80
75
74
72
76
72
64
65
60
63
65
57
52
50
46
52
51
44
38
39
39
41
38
29
27
22
28
25
23
12
8
7
10
10
2
-2
-6
-4
-5
-8
-18
-21
-21
-18
-20
-25
-36
-33
-39
-35
-34
-42
-48
-48
-44
-48
-47
-58
-58
-62
-59
-60
-66
-76
-77
-77
-76
-73
-80
-87
-85
-88
-86
-84
-88
-91
-100
-94
-95
-95
-97
-100
-105
-103
-103
-100
-103
-113
-109
-114
-108
-109
-108
-114
-117
-119
-120
-111
-114
-116
-118
-119
-122
-116
-120
-122
-125
-126
-123
-119
-124
-123
-129
-128
-126
-122
-121
-124
-130
-128
-131
-120
-121
-133
-128
-129
-123
-123
-121
-130
-127
-124
-119
-116
-116
-117
-118
-114
-110
-105
-110
-108
-103
-93
-94
-88
-91
-87
-80
-67
-66
-64
-61
-52
-42
-36
-30
-29
-18
-11
1
10
14
24
29
39
55
62
67
77
84
99
105
115
117
128
136
152
156
162
168
175
186
194
200
201
206
211
225
230
232
233
234
238
246
249
251
248
249
248
256
258
257
250
248
250
248
253
248
245
237
234
234
236
230
224
215
210
203
206
197
190
179
174
169
168
158
153
139
136
130
127
117
114
100
94
80
87
81
74
64
58
52
54
50
44
35
30
28
30
25
18
15
9
11
11
7
4
3
1
4
0
0
-4
-7
-6
-3
-3
-6
-9
-10
-9
-4
-10
-14
-15
-13
-8
-8
-10
-18
-16
-14
-8
-9
-16
-17
-15
-8
-9
-12
-18
-14
-15
-8
-9
-10
-16
-16
-14
-8
-14
-16
-20
-20
-13
-13
-13
-18
-15
-16
-9
-14
-16
-18
-17
-17
-10
-12
-16
-20
-18
-15
-9
-10
-14
-14
-19
-15
-10
-11
-10
-17
-17
-14
-9
-9
-12
-17
-16
-14
-8
-9
-10
-14
-14
-14
-6
-5
-7
-12
-8
-11
0
-1
-3
-6
-7
-9
-2
0
-3
-7
-4
-1
2
5
6
0
2
4
9
9
9
3
6
1
13
12
10
10
7
8
15
13
9
11
10
13
17
16
14
11
13
15
17
18
13
18
18
20
23
16
15
14
23
21
21
16
18
17
24
23
16
15
14
21
20
17
9
9
7
12
11
11
2
2
3
8
5
-1
0
-2
2
5
0
-4
-3
-6
1
1
-3
-6
-3
-6
4
2
-1
-2
-1
1
9
8
6
4
6
5
16
18
14
12
12
11
20
22
19
15
16
20
24
22
25
19
18
17
23
26
23
21
23
23
26
25
24
19
19
20
27
22
20
16
20
25
44
56
74
84
95
100
110
117
118
111
101
84
77
59
40
12
-25
-68
-110
-163
-207
-247
-256
-256
-256
-256
-256
-256
-256
-256
-256
-256
-256
-256
-256
-256
-256
-256
-256
-256
-256
-256
-256
-256
-256
-256
-232
-214
-205
-189
-173
-159
-140
-130
-125
-112
-102
-83
-71
-67
-59
-51
-45
-32
-27
-20
-18
-13
-5
3
2
0
3
8
13
21
20
20
18
24
29
31
33
30
32
30
39
41
39
37
39
39
44
45
47
41
41
46
47
52
48
45
45
45
53
55
51
51
52
48
56
53
52
48
46
50
50
52
50
42
42
44
45
47
45
38
35
36
41
37
39
31
29
29
34
30
30
21
21
20
28
25
20
17
12
12
16
15
15
7
6
6
9
6
5
1
1
2
7
0
-6
-5
-6
-1
-3
-7
-12
-11
-15
-8
-8
-17
-16
-20
-12
-15
-16
-23
-25
-26
-20
-24
-26
-31
-31
-26
-27
-27
-33
-37
-33
-29
-33
-32
-39
-39
-43
-38
-38
-45
-46
-46
-38
-39
-41
-49
-45
-47
-41
-41
-45
-50
-53
-53
-48
-46
-49
-52
-53
-55
-49
-47
-51
-56
-56
-56
-54
-53
-54
-60
-59
-57
-52
-54
-55
-59
-62
-60
-53
-53
-55
-56
-57
-53
-51
-48
-49
-50
-52
-50
-42
-41
-35
-39
-38
-31
-23
-21
-19
-20
-16
-12
-1
9
11
12
19
24
36
44
49
52
61
64
78
87
93
96
106
111
128
132
137
143
148
160
169
174
179
182
190
200
208
210
209
213
220
231
234
236
236
239
246
251
250
248
249
253
257
259
258
249
253
252
254
251
243
245
239
245
241
235
224
219
216
218
208
201
190
183
184
176
170
157
150
146
144
138
129
117
112
105
106
96
93
82
75
67
70
66
57
45
44
39
39
36
32
22
19
16
16
14
8
2
-2
-1
1
2
-3
-11
-11
-14
-9
-9
-12
-17
-18
-19
-17
-14
-17
-23
-21
-21
-19
-17
-16
-22
-23
-24
-22
-17
-20
-25
-24
-25
-23
-21
-23
-24
-24
-24
-19
-18
-20
-22
-23
-25
-17
-16
-19
-21
-22
-21
-14
-15
-22
-22
-19
-18
-14
-13
-20
-17
-17
-13
-13
-13
-17
-19
-12
-13
-8
-17
-13
-19
-8
-9
-14
-12
-15
-15
-6
-10
-13
-13
-9
-6
-5
-6
-11
-10
-9
-3
-4
-5
-11
-9
-7
1
0
-6
-5
-3
1
3
2
-2
-3
-3
7
7
6
1
0
4
11
9
10
4
8
5
10
15
11
10
6
7
18
16
16
10
10
14
20
19
18
17
15
16
20
24
24
18
17
17
21
21
26
19
20
18
24
26
25
23
20
21
24
27
25
20
22
21
26
25
26
18
20
22
28
27
23
19
18
16
21
20
17
15
13
12
15
13
9
7
7
8
9
6
-4
-1
0
3
-1
-1
-8
-9
-3
-7
-6
-10
-14
-11
-6
-5
-9
-8
-10
-12
-1
-3
-6
-6
-6
-1
4
2
-4
-2
-1
6
9
6
0
2
8
9
9
6
6
3
14
10
6
4
4
12
27
41
55
67
78
89
97
105
107
102
88
65
50
29
8
-24
-68
-113
-153
-200
-241
-256
-256
-256
-256
-256
-256
-256
-256
-256
-256
-256
-256
-256
-256
-256
-256
-256
-256
-256
-256
-256
-256
-256
-256
-256
-243
-220
-201
-187
-183
-162
-151
-132
-121
-107
-104
-91
-85
-70
-56
-53
-49
-44
-38
-21
-19
-15
-18
-12
-7
2
2
1
4
7
13
18
17
11
15
14
26
23
23
19
20
22
26
25
23
21
21
29
25
26
22
24
22
27
27
19
25
22
29
32
28
22
25
24
32
29
28
23
20
26
29
26
20
19
18
27
27
21
20
17
17
23
21
20
15
16
16
21
18
16
12
12
13
15
12
14
7
7
8
12
13
10
4
3
5
10
10
2
3
4
2
7
10
7
-1
1
-1
6
7
5
-1
-2
-2
1
3
1
-2
-6
-4
3
1
-3
-7
-7
-9
-4
-1
-3
-11
-10
-13
-7
-9
-8
-13
-17
-20
-10
-11
-12
-16
-19
-17
-10
-13
-19
-23
-24
-15
-16
-19
-25
-27
-27
-22
-24
-27
-33
-30
-27
-29
-30
-36
-33
-35
-30
-28
-33
-33
-35
-36
-32
-34
-36
-36
-40
-31
-35
-34
-39
-41
-37
-34
-34
-40
-40
-35
-36
-35
-35
-41
-39
-38
-30
-30
-30
-30
-30
-30
-19
-16
-16
-13
-9
-5
9
9
13
17
24
27
39
47
51
53
63
69
81
87
95
95
104
111
125
132
139
141
147
153
171
175
180
180
188
194
203
211
211
214
219
222
234
234
240
236
239
243
249
253
251
250
248
247
259
256
254
249
250
244
252
251
243
239
233
230
229
228
222
210
205
204
201
194
181
176
167
167
162
150
141
134
125
128
117
106
100
90
92
86
79
72
66
59
58
52
48
39
35
38
32
28
19
14
14
18
16
8
2
7
0
3
-1
-7
-9
-9
-4
-6
-3
-12
-15
-15
-10
-10
-11
-20
-21
-14
-12
-17
-26
-21
-24
-21
-17
-15
-21
-22
-25
-22
-18
-19
-23
-25
-23
-21
-19
-17
-20
-23
-24
-20
-15
-16
-18
-19
-19
-19
-10
-15
-17
-20
-20
-22
-16
-18
-18
-22
-21
-18
-12
-13
-17
-20
-18
-20
-11
-10
-14
-21
-15
-17
-10
-13
-14
-18
-14
-18
-6
-12
-8
-14
-14
-13
-8
-5
-14
-11
-13
-6
-6
-4
-9
-11
-10
-2
-6
-4
-8
-6
-3
-2
-3
-4
-6
-5
3
2
2
-1
-4
0
4
3
-2
-2
2
9
7
9
4
3
5
9
12
7
7
4
11
13
14
9
7
8
17
14
14
7
9
14
20
15
8
13
11
18
20
18
15
17
12
20
22
22
15
15
17
22
23
20
15
12
13
17
16
15
11
8
7
9
10
10
2
-2
-4
3
0
-3
-13
-13
-14
-10
-11
-12
-20
-22
-22
-19
-16
-18
-26
-25
-22
-17
-14
-17
-20
-18
-16
-9
-9
-6
-14
-11
-9
-3
-1
-1
-8
-2
-2
4
10
9
1
2
5
10
10
8
5
6
7
14
11
6
6
5
10
10
8
4
6
15
34
49
64
75
88
101
106
110
108
106
92
78
50
37
11
-13
-50
-86
-137
-190
-229
-256
-256
-256
-256
-256
-256
-256
-256
-256
-256
-256
-256
-256
-256
-256
-256
-256
-256
-256
-256
-256
-256
-256
-256
-255
-240
-221
-209
-196
-180
-162
-146
-134
-126
-113
-104
-88
-78
-72
-69
-59
-51
-37
-30
-29
-26
-23
-18
-7
-5
1
-1
0
2
16
18
15
12
15
16
24
28
27
22
24
23
28
30
29
29
29
29
34
34
32
30
30
32
37
35
37
33
30
29
36
38
34
30
30
31
39
37
35
30
30
35
34
32
30
27
30
30
34
31
26
23
25
27
26
23
18
20
24
25
20
16
17
16
20
20
19
11
12
9
18
16
10
5
9
15
12
11
8
6
0
11
5
3
-2
-2
1
3
-1
-6
-5
-2
-1
-1
-3
-6
-7
-7
0
-3
-4
-8
-10
-12
-6
-6
-9
-15
-14
-14
-9
-16
-14
-22
-22
-20
-12
-17
-19
-22
-27
-26
-14
-24
-23
-32
-33
-29
-22
-27
-26
-32
-34
-33
-27
-30
-33
-38
-39
-39
-37
-35
-35
-43
-38
-39
-37
-39
-39
-45
-44
-43
-34
-35
-38
-45
-42
-42
-40
-36
-40
-43
-44
-43
-35
-36
-34
-40
-40
-35
-33
-34
-34
-36
-34
-24
-25
-21
-27
-23
-22
-12
-10
-13
-10
-3
4
5
8
13
19
23
33
41
45
47
55
64
76
81
85
89
100
111
119
125
129
136
144
158
162
162
171
177
188
192
199
199
204
208
221
223
226
228
229
240
245
244
241
247
245
249
255
256
250
248
248
251
256
254
249
242
243
237
239
235
233
222
216
214
213
206
200
191
183
178
177
169
162
148
144
136
136
128
120
107
103
97
97
92
84
74
66
61
60
54
49
42
34
31
32
29
27
18
14
13
13
11
6
3
0
0
3
-1
-8
-5
-9
-4
-5
-8
-14
-12
-14
-9
-10
-12
-17
-14
-14
-14
-16
-19
-23
-23
-14
-16
-20
-24
-25
-21
-15
-18
-24
-24
-25
-14
-16
-18
-26
-23
-20
-18
-15
-14
-21
-23
-16
-13
-17
-21
-24
-23
-14
-17
-17
-20
-23
-22
-15
-17
-23
-19
-19
-13
-9
-14
-13
-19
-17
-13
-10
-10
-16
-18
-17
-12
-8
-11
-11
-16
-15
-8
-4
-9
-13
-15
-14
-6
-7
-9
-14
-13
-10
-8
-2
-5
-6
-8
-7
-4
-2
0
-7
-7
-5
1
4
2
-3
-3
-3
5
7
2
-2
1
0
7
9
6
3
3
4
6
7
8
5
7
7
12
9
9
6
7
7
15
16
15
12
11
11
17
19
13
13
13
23
20
17
15
14
16
23
22
23
18
17
20
25
22
17
16
15
21
23
19
17
13
15
22
18
7
8
7
8
7
3
-4
-5
-6
-4
-8
-11
-16
-20
-13
-14
-15
-22
-25
-22
-16
-14
-17
-19
-15
-18
-10
-10
-10
-12
-12
-9
0
1
0
-2
-1
1
5
8
6
2
3
3
13
15
13
9
10
7
17
18
13
9
11
13
18
16
12
10
7
8
14
23
34
46
62
76
95
102
105
108
113
113
103
84
62
36
19
-6
-43
-86
-133
-184
-226
-256
-256
-256
-256
-256
-256
-256
-256
-256
-256
-256
-256
-256
-256
-256
-256
-256
-256
-256
-256
-256
-256
-256
-256
-255
-243
-231
-213
-194
-174
-161
-149
-137
-129
-110
-98
-91
-88
-75
-66
-51
-46
-43
-39
-33
-18
-14
-12
-10
-10
-4
4
6
11
6
9
15
21
21
17
18
21
28
32
29
26
27
27
36
36
33
33
31
32
39
41
38
35
36
34
44
43
38
36
37
34
43
44
43
35
35
38
42
44
44
39
34
39
42
40
41
36
35
32
36
36
36
28
28
26
31
29
26
21
23
19
25
25
22
14
13
12
17
19
15
10
9
11
12
14
12
5
3
5
7
6
8
-2
1
0
2
5
-1
-4
-6
2
0
1
-11
-11
-8
-7
-5
-8
-14
-14
-11
-5
-8
-19
-16
-18
-13
-12
-13
-21
-21
-20
-12
-15
-17
-22
-22
-16
-20
-19
-26
-27
-31
-20
-23
-27
-32
-33
-30
-26
-29
-34
-35
-35
-31
-33
-36
-41
-41
-39
-33
-32
-37
-39
-41
-44
-34
-34
-40
-43
-44
-45
-40
-38
-42
-48
-46
-45
-40
-38
-43
-44
-47
-44
-37
-41
-41
-45
-43
-43
-35
-33
-31
-37
-35
-33
-26
-23
-21
-26
-21
-17
-6
-4
-2
1
6
10
21
29
34
34
40
46
60
69
73
76
83
89
106
110
118
123
130
135
149
154
163
164
169
175
191
196
198
200
204
219
223
225
225
225
234
242
245
242
243
245
250
254
255
249
251
249
254
253
250
246
242
240
246
240
228
230
221
224
219
215
205
197
192
191
185
175
168
157
154
148
143
131
125
119
116
111
100
92
84
79
79
71
65
55
50
44
46
43
35
26
27
20
26
21
17
9
8
1
7
4
3
-3
-4
-8
0
-2
-5
-12
-13
-12
-8
-9
-11
-16
-18
-21
-10
-14
-16
-22
-19
-21
-13
-14
-17
-20
-17
-21
-14
-11
-16
-22
-22
-19
-14
-16
-13
-20
-17
-21
-12
-16
-16
-19
-21
-21
-10
-14
-13
-19
-18
-23
-13
-16
-18
-19
-20
-14
-13
-14
-19
-19
-18
-9
-11
-17
-19
-16
-11
-10
-13
-16
-18
-19
-9
-11
-10
-15
-15
-11
-9
-9
-11
-12
-11
-4
-3
-5
-12
-8
-7
-3
-3
-10
-7
-7
0
-2
-1
-7
-6
-8
1
0
1
-4
0
2
5
5
-3
-3
-1
5
5
3
1
0
1
7
8
8
2
1
5
11
12
10
3
5
7
5
14
11
5
10
11
8
13
14
13
12
13
15
19
21
20
16
14
15
21
23
20
17
16
15
24
23
19
16
17
14
21
21
19
10
7
8
12
8
6
-1
-3
-7
0
-8
-11
-18
-19
-16
-14
-21
-24
-24
-25
-16
-19
-21
-23
-24
-22
-16
-15
-16
-19
-14
-8
-6
-4
-8
-5
-3
6
6
6
1
2
10
14
14
10
5
7
15
17
15
11
9
12
16
17
11
12
12
20
16
19
10
11
10
13
13
14
22
35
56
73
88
92
97
102
116
123
116
104
83
72
55
36
2
-42
-90
-137
-177
-220
-256
-256
-256
-256
-256
-256
-256
-256
-256
-256
-256
-256
-256
-256
-256
-256
-256
-256
-256
-256
-256
-256
-256
-256
-243
-229
-218
-198
-185
-162
-149
-137
-132
-118
-107
-92
-82
-72
-71
-62
-54
-41
-34
-27
-24
-20
-16
-5
1
3
1
7
14
19
18
17
19
23
33
32
36
29
31
31
42
40
40
39
40
46
48
48
45
44
48
54
54
51
50
51
58
61
55
53
51
53
59
60
59
56
54
56
62
63
53
57
55
62
63
58
56
56
52
60
56
56
47
50
51
54
52
45
42
42
43
43
45
34
31
33
34
34
28
26
19
19
24
21
21
13
10
10
15
14
11
2
2
0
5
0
-1
-7
-6
-10
-7
-7
-10
-16
-17
-17
-16
-14
-16
-24
-24
-27
-24
-22
-24
-30
-30
-33
-30
-26
-26
-32
-38
-36
-39
-31
-36
-36
-41
-44
-43
-36
-37
-44
-49
-45
-39
-42
-43
-50
-52
-52
-45
-45
-46
-54
-52
-49
-49
-48
-52
-55
-55
-51
-55
-51
-58
-61
-59
-55
-53
-60
-61
-62
-53
-55
-58
-65
-63
-65
-58
-57
-57
-67
-66
-59
-56
-59
-61
-62
-60
-52
-53
-52
-58
-55
-49
-42
-41
-42
-42
-34
-25
-21
-18
-20
-14
-6
5
8
13
15
19
31
46
48
55
55
67
75
85
94
102
105
113
118
133
140
148
149
156
166
177
183
187
187
193
199
210
216
220
218
224
228
235
240
241
239
242
246
251
254
251
250
249
250
252
255
253
245
243
241
244
240
235
228
221
216
217
213
209
195
189
182
185
176
167
156
153
141
142
138
123
114
108
107
100
94
82
78
70
70
67
61
49
44
40
44
37
31
25
19
23
21
16
10
5
6
12
6
-2
-5
-4
2
1
-2
-7
-12
-11
-5
-5
-9
-14
-12
-13
-6
-11
-15
-15
-14
-15
-9
-14
-18
-19
-18
-13
-13
-14
-21
-19
-21
-15
-19
-19
-19
-24
-23
-15
-15
-18
-23
-24
-25
-16
-18
-18
-18
-21
-22
-12
-14
-8
-19
-18
-24
-14
-17
-14
-17
-21
-18
-13
-15
-16
-21
-22
-21
-14
-13
-16
-18
-18
-22
-10
-15
-14
-20
-17
-16
-11
-16
-11
-15
-18
-17
-11
-12
-12
-15
-16
-15
-9
-9
-12
-17
-13
-11
-7
-7
-12
-12
-12
-6
-2
-7
-8
-9
-6
-1
-2
-6
-5
-4
2
2
0
0
-2
-3
6
6
7
3
1
1
9
6
4
5
2
11
14
9
5
6
8
14
11
10
4
2
9
8
5
2
0
2
5
3
-3
-6
-8
-6
-3
-7
-12
-14
-12
-15
-10
-9
-12
-13
-13
-12
-7
-8
-9
-11
-9
-6
-1
3
2
1
1
3
14
14
14
10
12
13
25
24
22
22
22
23
32
30
33
30
33
27
33
39
38
33
37
30
42
42
43
39
38
38
46
46
45
41
40
43
48
49
50
44
48
45
49
56
52
47
47
55
56
52
47
46
47
54
54
60
67
80
94
115
121
123
127
134
139
138
126
109
92
81
66
34
-8
-61
-113
-158
-197
-243
-256
-256
-256
-256
-256
-256
-256
-256
-256
-256
-256
-256
-256
-256
-256
-256
-256
-256
-256
-256
-256
-246
-228
-214
-200
-179
-158
-146
-135
-125
-109
-93
-83
-74
-68
-60
-49
-34
-25
-20
-16
-11
-4
5
16
17
21
20
30
39
40
51
42
49
51
62
65
66
64
68
70
78
85
87
82
85
85
94
98
97
97
95
97
98
106
103
105
104
100
105
110
109
106
103
100
102
103
102
103
95
94
93
94
96
90
85
79
82
83
79
70
67
64
67
63
58
52
46
47
48
43
37
34
29
33
26
24
15
10
6
9
6
2
-2
-9
-5
-6
-11
-17
-24
-25
-21
-25
-27
-33
-36
-39
-31
-39
-43
-48
-53
-45
-47
-55
-64
-67
-63
-61
-67
-68
-77
-77
-74
-78
-80
-84
-90
-89
-84
-86
-90
-98
-101
-103
-96
-95
-98
-103
-105
-106
-99
-103
-104
-110
-112
-107
-105
-104
-106
-111
-110
-111
-106
-108
-107
-116
-114
-114
-110
-109
-107
-115
-116
-115
-108
-112
-115
-121
-120
-120
-115
-113
-113
-117
-117
-119
-113
-109
-112
-118
-119
-117
-113
-108
-112
-119
-116
-109
-109
-103
-103
-106
-104
-104
-97
-92
-90
-91
-92
-88
-78
-74
-70
-72
-67
-55
-47
-44
-45
-40
-32
-18
-11
-6
-8
5
16
29
38
37
47
57
73
81
88
93
104
112
124
133
142
141
152
166
173
178
178
187
196
206
212
213
216
219
222
234
235
240
238
243
249
250
251
250
250
253
255
257
254
250
249
244
248
248
245
234
232
228
230
225
217
207
205
199
197
191
183
173
165
156
157
153
145
134
125
117
118
109
104
91
87
80
80
76
69
60
50
46
47
46
39
31
24
23
26
22
17
12
7
6
8
8
3
0
-5
-3
2
-2
-2
-11
-10
-14
-5
-4
-7
-14
-16
-15
-9
-12
-12
-18
-18
-14
-13
-12
-20
-20
-20
-16
-11
-15
-18
-17
-18
-15
-15
-19
-19
-19
-13
-14
-15
-19
-20
-20
-13
-14
-15
-18
-18
-17
-12
-12
-19
-19
-19
-12
-14
-16
-19
-21
-21
-13
-16
-21
-17
-22
-12
-12
-13
-17
-19
-20
-14
-14
-15
-20
-18
-18
-13
-10
-11
-15
-17
-20
-12
-11
-14
-14
-18
-14
-10
-9
-10
-13
-13
-12
-2
-2
-1
-6
-6
-8
-1
3
0
-4
-5
-2
5
2
4
-2
1
1
6
8
4
3
4
2
11
10
9
9
6
6
13
13
11
12
12
11
16
20
15
13
11
11
19
16
15
10
6
9
11
11
9
1
0
4
9
6
-3
-6
-5
-1
0
-1
-9
-10
-12
-8
-5
-10
-11
-9
-3
-2
-4
-6
-9
-2
3
3
3
2
2
11
13
11
10
12
13
21
21
22
17
18
20
32
29
27
25
26
33
38
35
32
31
34
40
41
42
36
35
38
44
44
43
39
36
40
43
43
41
38
38
38
44
43
43
39
36
38
44
47
43
39
39
37
42
46
50
57
71
86
104
114
119
119
124
129
136
129
109
87
61
32
5
-39
-90
-146
-190
-236
-256
-256
-256
-256
-256
-256
-256
-256
-256
-256
-256
-256
-256
-256
-256
-256
-256
-256
-256
-256
-256
-256
-256
-247
-223
-210
-200
-184
-169
-146
-135
-124
-117
-105
-98
-78
-70
-64
-58
-52
-39
-32
-25
-25
-20
-11
-3
3
5
4
10
16
22
22
22
25
30
36
37
39
40
36
38
47
47
48
42
46
50
52
54
52
51
54
63
63
65
58
61
58
66
67
68
65
63
63
71
70
67
64
64
64
69
72
69
59
57
60
63
64
60
53
50
51
53
51
48
40
39
39
37
39
33
31
25
23
29
26
20
17
14
12
13
9
5
3
-3
-4
-3
-4
-10
-15
-14
-17
-16
-14
-24
-29
-30
-31
-27
-27
-27
-36
-33
-40
-35
-36
-37
-40
-44
-46
-38
-42
-46
-55
-49
-49
-43
-50
-54
-55
-56
-51
-52
-56
-57
-59
-57
-57
-56
-62
-64
-66
-58
-60
-60
-63
-65
-64
-60
-60
-62
-65
-70
-62
-63
-62
-70
-71
-68
-67
-67
-66
-70
-76
-74
-69
-67
-78
-76
-76
-68
-67
-72
-75
-74
-75
-69
-73
-72
-73
-77
-78
-69
-71
-71
-72
-78
-72
-67
-71
-69
-69
-73
-67
-63
-56
-57
-57
-58
-52
-47
-41
-39
-40
-37
-30
-20
-17
-14
-12
-6
-3
11
18
25
28
34
42
51
62
71
76
79
88
95
110
122
127
130
137
148
161
165
171
176
183
187
202
204
208
209
214
223
232
235
234
237
240
247
247
247
247
251
249
256
258
252
256
250
258
258
252
243
242
239
242
240
232
226
221
216
216
210
199
191
189
186
178
171
158
153
146
150
140
129
119
110
109
107
98
89
79
77
76
69
65
55
50
45
45
39
29
27
22
27
25
18
13
7
4
4
7
1
-2
-6
-6
-10
-3
-10
-7
-16
-16
-19
-11
-14
-14
-18
-21
-21
-16
-15
-17
-21
-24
-24
-15
-14
-19
-25
-22
-25
-18
-17
-20
-26
-25
-25
-18
-16
-21
-25
-22
-26
-17
-19
-20
-20
-24
-20
-15
-13
-16
-22
-21
-16
-13
-14
-12
-17
-15
-18
-6
-10
-16
-16
-17
-11
-7
-9
-16
-16
-13
-9
-8
-7
-14
-12
-12
-4
-8
-12
-9
-10
-3
-3
-2
-8
-11
-8
-2
0
-5
-9
-7
1
-1
-1
-5
-6
-3
3
1
5
-3
1
0
10
8
4
0
2
8
12
10
6
4
6
11
12
12
8
8
5
14
15
15
9
12
15
19
18
18
17
15
17
22
20
21
16
15
18
20
27
24
17
21
23
26
28
25
20
22
21
28
29
30
23
25
23
32
31
30
27
24
24
32
32
30
26
23
22
29
29
28
18
18
17
24
22
19
14
9
11
12
14
11
5
4
2
8
2
5
-3
-6
-6
0
-1
-9
-8
-9
-3
0
-4
-7
-6
-4
3
4
2
-1
-3
1
8
5
1
2
5
10
12
10
8
7
7
16
13
14
9
7
11
10
9
7
12
24
44
61
78
84
91
99
112
114
110
102
85
67
44
23
-5
-37
-84
-126
-170
-219
-256
-256
-256
-256
-256
-256
-256
-256
-256
-256
-256
-256
-256
-256
-256
-256
-256
-256
-256
-256
-256
-256
-256
-256
-256
-254
-239
-214
-199
-188
-173
-162
-147
-130
-114
-108
-99
-91
-80
-64
-58
-50
-49
-43
-37
-24
-20
-15
-15
-13
-9
1
2
1
0
5
7
11
13
12
9
11
13
20
19
24
15
20
24
24
25
22
22
24
27
29
25
22
25
23
28
29
27
24
24
29
33
30
27
26
28
32
29
30
22
25
23
26
28
19
21
19
25
27
23
19
19
17
24
19
20
13
14
20
20
16
8
9
10
20
17
14
11
10
6
13
12
7
2
6
3
11
6
7
1
-1
1
5
4
4
-2
-2
-2
4
1
1
-4
-6
-10
-1
-1
-5
-12
-11
-12
-4
-4
-6
-11
-14
-13
-8
-7
-8
-13
-15
-17
-12
-10
-12
-17
-16
-20
-12
-13
-16
-24
-23
-22
-15
-16
-19
-24
-27
-24
-20
-23
-22
-25
-27
-28
-21
-23
-26
-32
-31
-32
-24
-27
-29
-38
-36
-34
-32
-34
-38
-42
-43
-35
-37
-35
-44
-40
-42
-35
-37
-43
-43
-38
-38
-36
-37
-41
-38
-38
-31
-28
-31
-34
-33
-28
-20
-21
-25
-20
-17
-11
-8
-4
-5
0
6
12
18
23
23
29
39
47
58
58
64
70
85
90
96
99
108
113
125
134
139
144
148
157
168
174
178
179
188
197
200
210
216
213
216
225
231
236
237
240
244
244
250
253
254
249
253
253
259
259
257
249
249
247
251
252
246
240
235
230
227
228
224
212
206
198
194
195
186
179
166
160
153
153
144
134
125
114
109
112
103
91
86
78
78
72
66
58
51
49
49
45
38
30
24
25
26
24
16
11
7
10
10
6
-1
-1
-5
-2
1
-5
-11
-11
-8
-5
-13
-16
-19
-18
-9
-13
-14
-20
-22
-22
-18
-17
-23
-22
-22
-16
-18
-18
-22
-23
-22
-12
-16
-18
-24
-24
-21
-17
-20
-24
-23
-22
-19
-17
-20
-24
-25
-26
-16
-16
-19
-20
-21
-20
-21
-15
-15
-20
-21
-23
-22
-17
-19
-18
-23
-20
-21
-13
-15
-14
-21
-18
-17
-10
-12
-13
-16
-15
-19
-10
-10
-11
-16
-12
-16
-9
-10
-8
-12
-13
-10
-7
-2
-8
-10
-9
-8
-7
-3
-2
-8
-9
-5
0
3
0
-3
-2
-3
7
4
-1
-4
0
6
6
8
4
0
1
9
10
13
3
9
12
16
13
8
9
11
17
19
14
11
10
15
20
17
10
17
14
21
21
20
15
17
15
26
23
23
21
19
20
24
24
21
19
18
22
25
22
18
18
17
20
22
19
9
12
9
17
12
8
5
2
2
7
2
1
-4
-6
-8
-3
-5
-9
-19
-16
-17
-12
-11
-10
-14
-14
-14
-4
-6
-3
-7
-10
-6
0
1
0
0
-3
-2
6
10
8
5
2
5
11
11
9
7
3
10
12
17
13
11
9
7
13
14
9
3
3
6
17
30
38
49
67
84
96
102
103
110
113
107
94
73
46
24
2
-31
-66
-112
-171
-213
-252
-256
-256
-256
-256
-256
-256
-256
-256
-256
-256
-256
-256
-256
-256
-256
-256
-256
-256
-256
-256
-256
-256
-256
-256
-249
-236
-223
-206
-184
-172
-158
-146
-134
-119
-104
-96
-89
-79
-71
-57
-51
-45
-42
-34
-31
-20
-17
-12
-10
-6
-5
5
7
7
8
10
11
20
21
20
17
16
18
27
27
27
23
25
27
33
35
32
26
28
28
36
34
33
30
30
31
34
36
35
29
26
30
32
32
32
26
27
27
30
32
32
20
22
23
31
32
30
25
24
20
27
27
23
23
20
17
24
21
23
16
13
15
21
20
15
13
12
15
16
12
5
6
7
11
12
10
4
1
4
8
5
-1
-3
-1
2
3
-2
-7
-8
-7
-2
-3
-2
-10
-10
-8
-9
-7
-14
-11
-14
-5
-11
-13
-13
-17
-17
-11
-14
-18
-17
-20
-16
-15
-16
-23
-22
-23
-17
-18
-19
-25
-25
-26
-21
-22
-25
-26
-29
-29
-23
-27
-25
-30
-31
-32
-31
-27
-31
-35
-38
-35
-30
-31
-33
-38
-39
-36
-35
-32
-35
-40
-41
-37
-41
-34
-33
-36
-39
-42
-40
-37
-35
-36
-43
-42
-44
-38
-34
-38
-40
-42
-39
-28
-27
-30
-30
-29
-26
-14
-12
-12
-11
-10
-5
8
12
11
14
20
31
45
43
44
52
59
73
82
85
86
97
109
114
123
125
130
142
152
159
166
170
174
182
193
197
201
205
210
217
227
225
228
233
233
244
245
244
243
245
249
257
255
248
254
252
255
257
253
245
243
247
247
242
235
230
224
218
218
216
207
197
188
183
181
174
167
152
146
141
139
132
123
115
106
101
101
92
86
73
72
64
67
63
54
43
40
35
39
33
27
19
16
15
18
15
12
5
5
-1
5
1
-3
-6
-10
-8
-3
-6
-10
-13
-16
-14
-9
-11
-15
-20
-21
-21
-14
-14
-18
-24
-24
-24
-16
-14
-16
-22
-24
-20
-14
-16
-20
-19
-24
-15
-14
-17
-23
-20
-19
-14
-14
-14
-21
-18
-21
-15
-15
-20
-20
-22
-12
-17
-15
-19
-21
-23
-13
-13
-16
-22
-23
-15
-16
-16
-21
-18
-20
-13
-7
-13
-18
-18
-14
-8
-11
-11
-17
-13
-8
-7
-11
-11
-15
-17
-7
-8
-8
-14
-13
-11
-3
-3
-3
-7
-12
-10
2
-3
0
-5
-6
-5
3
2
4
-1
2
0
6
7
5
1
1
2
13
11
9
4
5
6
8
13
9
6
7
4
13
12
12
12
10
9
8
14
16
10
8
13
11
17
16
15
15
14
13
20
21
21
15
15
23
21
22
16
17
19
23
24
20
17
17
15
23
21
16
11
10
14
19
12
5
4
3
7
7
0
-3
-5
-9
-4
-9
-12
-16
-18
-10
-11
-11
-17
-15
-15
-7
-7
-9
-10
-12
-7
-3
0
-8
-7
-3
1
3
6
-2
1
1
8
8
6
3
4
9
13
14
9
10
7
17
16
14
9
9
11
10
13
15
11
4
7
17
28
45
58
70
86
89
103
108
110
111
107
91
82
59
38
10
-23
-67
-110
-159
-204
-251
-256
-256
-256
-256
-256
-256
-256
-256
-256
-256
-256
-256
-256
-256
-256
-256
-256
-256
-256
-256
-256
-256
-256
-256
-250
-237
-211
-198
-186
-175
-158
-138
-127
-114
-109
-100
-89
-75
-64
-57
-55
-44
-41
-27
-24
-24
-18
-16
-3
1
0
-2
4
6
14
15
15
14
15
20
26
23
19
21
23
32
36
30
25
28
29
38
37
35
32
32
40
42
37
36
34
32
39
41
37
35
32
33
39
41
39
35
33
34
39
39
40
32
36
33
38
37
39
28
30
34
36
34
32
27
24
25
30
31
27
24
22
22
24
25
20
15
12
12
16
20
14
9
11
8
11
11
9
6
4
2
9
8
9
0
-1
-3
2
5
3
-4
-7
-4
-2
-1
-4
-8
-9
-8
-6
-4
-8
-13
-13
-12
-7
-10
-11
-18
-17
-18
-14
-15
-20
-21
-21
-16
-19
-15
-23
-23
-25
-18
-22
-23
-26
-29
-28
-22
-24
-30
-33
-32
-27
-24
-28
-33
-33
-34
-30
-30
-32
-38
-40
-35
-33
-38
-39
-38
-40
-33
-37
-41
-40
-41
-44
-36
-39
-42
-42
-44
-42
-36
-36
-41
-41
-43
-35
-36
-32
-40
-38
-38
-34
-28
-28
-26
-27
-21
-18
-12
-8
-2
-8
-2
1
13
14
19
21
30
33
48
53
61
62
69
75
91
98
102
108
114
122
134
142
145
149
154
162
176
183
186
189
195
200
213
218
218
220
224
228
235
237
240
240
243
244
252
253
253
247
249
248
255
253
246
246
245
248
247
238
233
233
224
226
221
213
206
200
195
194
189
175
166
160
159
156
147
135
127
122
119
112
106
94
86
85
79
77
68
56
54
57
53
47
36
33
28
28
24
17
11
10
11
12
6
-2
0
-6
2
-2
-3
-11
-11
-14
-8
-9
-12
-19
-17
-20
-15
-12
-16
-21
-23
-23
-16
-18
-15
-24
-23
-20
-14
-18
-20
-25
-21
-21
-19
-17
-16
-24
-23
-22
-18
-15
-19
-22
-21
-19
-18
-16
-18
-21
-22
-18
-21
-14
-14
-18
-22
-24
-19
-15
-16
-16
-21
-19
-20
-14
-14
-15
-22
-21
-20
-10
-11
-19
-17
-15
-13
-10
-11
-16
-17
-11
-9
-9
-11
-13
-15
-15
-4
-7
-10
-12
-17
-6
-6
-8
-12
-9
-7
0
-5
-7
-7
-6
-3
2
0
-4
-8
-2
2
6
2
-2
-3
0
3
6
0
-1
0
6
7
6
2
1
2
12
10
8
6
4
3
17
10
8
9
8
9
18
13
15
10
13
12
20
21
18
13
12
18
23
23
23
18
18
18
23
23
21
18
16
18
25
19
21
16
16
12
19
20
16
11
7
11
10
9
6
-1
-3
-6
-4
-1
-7
-14
-17
-15
-11
-12
-12
-25
-21
-18
-15
-11
-13
-17
-12
-14
-8
-5
-5
-9
-7
-3
0
6
3
-3
-2
5
10
9
5
8
7
14
14
11
8
7
9
18
14
8
11
9
13
18
13
10
7
5
12
11
18
22
34
54
75
85
89
96
103
116
122
113
99
80
57
42
19
-19
-60
-108
-152
-196
-243
-256
-256
-256
-256
-256
-256
-256
-256
-256
-256
-256
-256
-256
-256
-256
-256
-256
-256
-256
-256
-256
-256
-256
-256
-254
-233
-218
-192
-180
-166
-156
-145
-128
-113
-102
-94
-86
-77
-70
-54
-49
-44
-41
-38
-27
-18
-15
-10
-8
-2
-1
5
8
12
10
9
12
23
22
23
23
24
28
31
30
35
29
32
33
38
39
43
37
36
40
47
43
45
42
40
44
47
48
40
46
43
50
49
47
42
41
40
47
46
47
42
43
49
48
45
39
40
42
43
42
43
37
35
34
38
36
28
31
28
32
33
30
25
21
19
23
26
20
13
11
12
17
14
12
10
8
12
11
8
4
2
0
5
2
2
-4
-5
-6
1
-4
-7
-11
-12
-14
-10
-6
-11
-16
-18
-18
-15
-15
-16
-20
-24
-24
-24
-16
-22
-23
-26
-27
-30
-22
-25
-26
-29
-33
-33
-29
-29
-31
-35
-37
-35
-29
-32
-33
-40
-41
-41
-35
-38
-40
-47
-45
-44
-40
-42
-46
-48
-51
-50
-45
-48
-49
-55
-53
-55
-47
-49
-57
-57
-60
-52
-52
-54
-60
-60
-61
-56
-54
-56
-60
-57
-55
-51
-51
-53
-56
-53
-45
-43
-38
-46
-46
-41
-31
-31
-28
-26
-27
-20
-10
-7
-10
-5
2
12
20
20
24
32
39
54
56
64
70
74
88
98
104
107
113
123
133
145
148
151
158
167
177
185
190
191
195
200
215
215
220
221
227
228
239
242
242
241
241
243
254
254
255
250
253
247
257
253
253
246
244
242
245
241
236
229
223
221
216
218
209
198
194
184
179
177
170
164
150
145
139
136
131
119
108
103
99
96
90
81
72
68
62
62
54
51
40
37
33
35
32
21
20
17
20
13
10
4
3
-1
0
1
2
-8
-8
-3
-4
-7
-12
-15
-13
-12
-12
-10
-14
-15
-18
-9
-10
-13
-19
-18
-14
-13
-14
-21
-20
-21
-16
-15
-17
-21
-21
-25
-13
-15
-19
-21
-24
-19
-17
-16
-20
-20
-20
-15
-12
-17
-21
-22
-21
-13
-13
-18
-19
-21
-21
-16
-15
-14
-22
-20
-21
-15
-16
-16
-17
-22
-17
-12
-15
-13
-19
-18
-18
-8
-9
-11
-14
-16
-17
-9
-9
-9
-15
-18
-17
-13
-9
-13
-16
-16
-19
-16
-9
-10
-11
-16
-14
-12
-7
-5
-5
-10
-10
-7
0
1
-3
-5
-5
-4
3
1
0
0
-4
3
5
2
0
0
3
6
10
6
4
4
3
11
12
9
6
7
11
11
9
9
6
10
14
11
10
9
7
6
11
13
8
6
3
8
7
6
-1
-1
-4
2
-3
-6
-8
-10
-13
-4
-7
-13
-15
-14
-9
-9
-7
-13
-10
-10
0
-1
-2
-4
-3
1
9
9
10
8
9
10
15
18
17
12
16
16
26
24
26
20
20
22
28
30
31
26
25
28
33
35
33
28
33
23
37
37
37
37
36
33
38
42
39
36
33
39
41
43
43
38
37
33
35
38
40
39
38
49
62
80
94
104
106
116
123
131
135
128
113
99
88
73
48
11
-27
-80
-122
-169
-217
-256
-256
-256
-256
-256
-256
-256
-256
-256
-256
-256
-256
-256
-256
-256
-256
-256
-256
-256
-256
-256
-256
-249
-229
-209
-191
-173
-159
-147
-137
-123
-108
-93
-80
-78
-71
-63
-45
-39
-39
-29
-24
-10
-7
-2
0
6
6
23
20
26
26
28
31
41
46
44
45
47
52
57
63
60
60
62
64
74
75
80
77
76
79
91
91
91
89
96
94
103
105
104
102
102
107
110
113
113
106
107
106
113
113
113
104
103
101
103
105
99
92
89
91
94
90
87
83
74
69
68
70
65
61
50
49
42
49
41
36
32
26
26
21
21
12
11
4
10
2
2
-6
-11
-11
-10
-14
-24
-24
-30
-30
-30
-35
-40
-41
-45
-41
-47
-49
-56
-60
-59
-57
-58
-69
-71
-69
-66
-67
-69
-76
-79
-81
-76
-77
-79
-85
-87
-89
-81
-84
-93
-92
-94
-90
-88
-94
-96
-100
-98
-95
-94
-97
-101
-102
-102
-98
-97
-100
-108
-107
-106
-100
-100
-102
-108
-109
-109
-101
-105
-108
-111
-110
-111
-106
-101
-106
-110
-111
-112
-107
-104
-106
-112
-112
-107
-105
-103
-103
-109
-107
-105
-101
-97
-96
-104
-98
-98
-91
-90
-86
-88
-87
-85
-76
-70
-70
-73
-65
-59
-49
-41
-40
-42
-32
-27
-17
-3
1
5
13
18
34
44
53
55
64
73
90
96
102
109
117
129
140
148
148
156
166
181
184
190
190
198
202
217
222
222
224
228
238
239
243
238
241
244
251
253
251
246
249
248
255
251
249
244
240
244
243
239
228
223
220
221
218
208
203
196
190
187
180
168
161
156
153
151
139
130
123
117
110
109
102
92
84
76
69
70
66
55
49
41
38
43
38
33
24
17
17
18
17
13
6
5
1
5
1
-2
-8
-6
-9
-1
-6
-7
-11
-13
-16
-8
-10
-9
-14
-18
-14
-9
-11
-11
-18
-19
-19
-11
-12
-14
-17
-18
-20
-13
-9
-15
-21
-19
-17
-12
-12
-14
-19
-21
-18
-12
-15
-19
-19
-21
-12
-7
-15
-16
-19
-16
-13
-11
-11
-19
-17
-16
-9
-13
-16
-17
-15
-12
-12
-13
-18
-14
-15
-12
-13
-13
-17
-15
-15
-8
-9
-17
-15
-15
-7
-7
-10
-17
-14
-12
-7
-8
-8
-11
-10
-4
-4
-6
-10
-10
-7
-2
-2
-1
-5
-7
-4
2
3
1
-1
-2
0
6
7
9
1
5
3
9
9
12
7
4
6
9
12
14
11
10
5
10
16
12
14
7
9
8
15
10
12
4
6
2
10
9
7
1
-1
-1
5
1
-1
-3
-4
-3
3
1
1
-3
-1
0
8
10
9
9
10
10
19
17
18
16
20
28
32
32
32
32
37
44
44
45
42
42
43
53
53
49
52
49
55
59
60
53
55
56
61
63
64
58
60
62
67
61
58
59
60
64
67
65
63
60
65
68
68
66
62
64
67
72
66
64
61
64
70
68
66
61
56
61
66
61
61
53
48
51
60
69
79
85
97
108
123
125
128
129
133
126
122
108
92
73
50
23
-16
-68
-120
-173
-216
-255
-256
-256
-256
-256
-256
-256
-256
-256
-256
-256
-256
-256
-256
-256
-256
-256
-256
-256
-256
-256
-256
-256
-245
-230
-213
-189
-173
-162
-151
-138
-127
-108
-98
-88
-82
-71
-64
-46
-39
-35
-31
-23
-14
-7
-1
-4
3
7
17
22
25
20
25
35
37
42
38
37
44
51
49
51
48
51
54
62
63
61
58
60
69
72
68
65
65
68
74
74
75
67
70
71
79
76
73
69
67
73
71
74
68
62
63
66
65
62
57
52
50
56
52
52
43
46
40
45
41
36
29
26
23
29
22
20
12
7
6
10
6
3
-2
-7
-11
-11
-12
-17
-20
-25
-28
-27
-29
-32
-35
-43
-45
-43
-43
-43
-53
-54
-59
-56
-53
-60
-66
-70
-71
-71
-66
-70
-70
-78
-81
-80
-78
-79
-81
-87
-88
-90
-81
-85
-83
-89
-93
-89
-87
-92
-96
-95
-97
-93
-94
-96
-103
-100
-101
-98
-97
-99
-105
-105
-100
-102
-99
-107
-107
-109
-100
-104
-103
-111
-109
-111
-102
-102
-111
-110
-112
-105
-104
-107
-112
-111
-108
-105
-104
-107
-107
-109
-107
-99
-100
-106
-103
-104
-99
-93
-93
-98
-99
-93
-85
-86
-85
-89
-83
-80
-72
-73
-70
-68
-65
-59
-49
-48
-43
-44
-35
-31
-20
-14
-9
-8
2
8
24
30
38
41
49
58
74
82
91
94
99
108
126
133
138
141
152
155
171
179
185
185
196
199
211
215
222
222
223
226
238
243
243
243
243
244
254
256
257
251
250
254
254
258
255
249
244
247
246
243
243
232
226
225
225
221
215
202
199
192
194
183
175
166
159
157
154
143
135
126
122
118
112
106
92
86
85
81
79
67
61
58
57
51
45
36
35
29
31
27
24
18
16
11
16
12
2
4
3
5
2
2
-3
-7
-6
-2
-1
-6
-12
-9
-13
-8
-8
-10
-16
-17
-16
-7
-12
-12
-16
-18
-14
-9
-9
-10
-18
-19
-16
-8
-11
-13
-14
-15
-15
-12
-8
-13
-14
-16
-15
-11
-9
-14
-18
-13
-15
-10
-12
-11
-19
-15
-15
-10
-10
-10
-16
-18
-17
-9
-9
-11
-16
-16
-14
-3
-5
-7
-10
-12
-11
-8
-4
-4
-12
-13
-11
-4
-4
-5
-12
-14
-12
-3
-4
-5
-10
-8
-8
-2
-6
-7
-9
-5
0
-1
0
-5
-5
-3
3
3
5
1
1
2
11
7
3
1
5
10
12
12
7
6
9
14
15
15
5
12
15
19
18
10
13
10
18
20
18
12
15
16
21
21
16
15
16
19
21
22
17
16
17
19
25
26
26
20
19
19
27
25
26
19
23
23
25
25
28
20
18
18
25
25
21
18
17
14
21
20
14
13
7
6
12
13
9
7
5
-2
5
3
5
-1
-1
-5
1
1
-2
-6
-8
-5
0
-3
-4
-6
-6
-6
1
4
1
-3
1
-1
5
6
5
2
5
5
10
11
12
8
10
13
16
16
10
11
7
14
12
12
5
8
12
24
34
50
61
77
92
104
107
107
115
114
110
88
68
41
18
-8
-40
-83
-137
-184
-225
-256
-256
-256
-256
-256
-256
-256
-256
-256
-256
-256
-256
-256
-256
-256
-256
-256
-256
-256
-256
-256
-256
-256
-256
-255
-238
-227
-215
-195
-173
-158
-147
-140
-129
-114
-98
-86
-76
-74
-67
-56
-49
-38
-30
-29
-27
-20
-15
-7
-6
-1
-2
0
3
13
15
16
7
14
17
23
25
24
21
20
24
32
30
30
29
25
27
35
32
32
28
31
32
37
37
33
30
33
30
35
35
38
31
31
37
38
35
31
29
31
34
32
31
27
28
25
35
31
25
25
25
31
27
28
19
21
19
24
23
22
15
15
16
22
18
12
10
11
17
13
12
10
6
7
14
12
11
3
3
3
9
8
-3
-2
-2
3
1
-1
-9
-9
-7
-3
0
-4
-10
-13
-13
-6
-8
-11
-17
-17
-19
-13
-13
-14
-18
-20
-17
-16
-12
-18
-20
-21
-22
-18
-16
-19
-24
-25
-21
-17
-18
-23
-23
-28
-28
-25
-22
-24
-24
-32
-30
-34
-26
-26
-32
-36
-35
-39
-32
-34
-36
-42
-44
-41
-37
-38
-38
-44
-44
-46
-39
-36
-40
-44
-47
-46
-37
-40
-41
-45
-45
-38
-38
-39
-41
-42
-43
-32
-34
-35
-37
-39
-34
-25
-26
-26
-26
-22
-14
-9
-8
-9
-3
-3
10
16
17
20
26
33
44
49
51
62
67
78
86
92
98
102
111
122
130
135
141
147
157
167
175
177
180
189
200
204
213
209
215
217
230
232
235
233
236
239
248
252
249
247
250
251
258
256
258
253
253
250
256
253
251
245
237
236
238
235
228
222
213
210
208
206
194
184
179
169
164
164
156
147
134
127
122
118
114
106
94
87
82
81
75
68
58
52
50
51
46
41
30
26
22
25
22
20
10
9
6
9
4
0
-6
-5
-2
-2
-5
-12
-15
-12
-8
-11
-13
-19
-20
-20
-12
-17
-21
-25
-21
-17
-16
-18
-25
-24
-25
-17
-20
-18
-27
-24
-24
-18
-21
-25
-28
-27
-17
-20
-22
-25
-25
-24
-18
-20
-18
-24
-22
-23
-17
-17
-22
-23
-21
-13
-16
-15
-19
-21
-18
-15
-13
-15
-17
-19
-16
-10
