-112
-117
-115
-111
-113
-112
-119
-120
-120
-112
-112
-115
-120
-119
-118
-111
-115
-117
-118
-120
-114
-113
-117
-119
-120
-120
-113
-113
-115
-117
-119
-111
-109
-112
-116
-116
-113
-104
-106
-104
-106
-107
-104
-96
-92
-91
-95
-89
-83
-76
-75
-75
-72
-69
-55
-54
-50
-45
-43
-37
-22
-16
-9
-5
2
9
22
34
39
45
55
62
76
85
97
99
109
116
129
141
147
148
157
163
178
186
191
194
197
203
214
222
224
224
229
232
239
247
247
244
248
248
255
258
259
253
251
253
250
254
252
249
245
240
238
242
238
232
222
215
214
214
208
200
191
181
182
179
168
157
149
142
143
136
128
117
109
105
103
95
86
83
73
75
69
60
50
45
42
44
41
36
28
21
19
21
17
7
7
6
8
10
4
-3
-5
-5
2
-3
-4
-8
-12
-6
-5
-8
-14
-15
-13
-12
-12
-10
-17
-21
-17
-12
-15
-16
-18
-21
-19
-14
-14
-18
-22
-18
-20
-10
-15
-16
-20
-19
-17
-11
-14
-15
-18
-18
-16
-10
-12
-14
-17
-17
-17
-10
-10
-15
-20
-20
-18
-11
-13
-14
-19
-17
-17
-13
-13
-10
-18
-17
-16
-10
-10
-12
-15
-18
-17
-12
-11
-13
-15
-18
-19
-9
-10
-9
-13
-14
-15
-9
-8
-10
-15
-12
-11
-4
-4
-8
-12
-10
-7
-1
-3
1
-7
-5
2
6
4
2
1
4
9
9
8
5
8
7
15
16
8
8
8
15
17
18
9
10
11
21
17
21
13
15
13
20
20
13
15
15
21
25
21
19
19
17
25
25
23
18
22
20
25
27
20
22
20
30
29
27
21
23
21
25
28
28
24
21
17
19
23
20
20
13
13
10
17
15
11
5
7
6
10
6
4
3
-3
-2
4
3
-3
-8
-7
-6
-1
-4
-5
-7
-7
-6
2
3
0
-1
-1
-3
6
8
6
3
3
3
11
11
8
11
7
12
18
17
17
15
13
12
20
19
19
13
12
14
20
17
12
7
6
14
27
39
53
68
82
101
106
109
113
115
104
98
75
52
30
7
-19
-55
-109
-158
-203
-246
-256
-256
-256
-256
-256
-256
-256
-256
-256
-256
-256
-256
-256
-256
-256
-256
-256
-256
-256
-256
-256
-256
-256
-256
-250
-236
-221
-203
-182
-168
-156
-147
-134
-120
-106
-92
-86
-79
-70
-63
-52
-40
-33
-32
-30
-26
-18
-10
-4
-1
-2
-1
3
11
14
16
13
15
19
24
27
26
21
21
23
33
32
32
28
29
31
35
39
36
32
31
33
37
38
37
37
35
34
41
38
38
33
35
36
42
42
40
35
34
36
40
40
35
31
30
29
35
33
35
30
28
26
37
31
23
24
22
30
30
27
22
21
21
26
19
21
14
12
12
18
14
10
9
10
15
12
9
4
6
2
9
9
7
2
0
5
6
4
-6
-7
-9
-2
-2
-6
-10
-14
-15
-9
-11
-12
-18
-16
-12
-11
-13
-16
-20
-23
-21
-15
-19
-23
-25
-26
-26
-22
-24
-26
-30
-32
-29
-25
-30
-29
-32
-31
-34
-27
-33
-31
-38
-38
-40
-35
-34
-38
-44
-44
-43
-37
-37
-41
-46
-44
-47
-41
-41
-44
-49
-52
-51
-43
-43
-46
-53
-52
-53
-49
-45
-47
-52
-52
-54
-46
-46
-44
-47
-50
-48
-42
-38
-42
-43
-43
-36
-29
-30
-27
-27
-28
-21
-14
-11
-12
-7
0
7
13
15
20
23
32
43
48
55
56
63
75
88
90
94
100
110
123
131
137
140
147
153
168
174
177
179
182
198
205
210
209
214
216
228
230
233
235
237
241
250
249
249
249
250
258
257
259
252
252
252
258
254
254
248
243
240
235
238
236
230
219
214
211
210
200
194
185
177
172
173
162
157
147
136
131
127
120
113
102
96
93
92
84
75
65
60
53
58
51
45
36
30
29
31
25
21
11
12
9
11
9
3
0
-1
-7
0
-1
-5
-12
-10
-13
-9
-8
-10
-19
-17
-20
-12
-14
-20
-19
-24
-18
-16
-19
-25
-23
-25
-18
-20
-20
-25
-24
-25
-18
-17
-27
-26
-24
-18
-20
-19
-24
-27
-26
-17
-18
-20
-26
-23
-23
-20
-20
-25
-21
-23
-15
-16
-19
-24
-22
-19
-14
-16
-19
-19
-18
-16
-15
-12
-15
-18
-18
-8
-10
-11
-16
-18
-17
-7
-7
-12
-13
-13
-14
-8
-5
-10
-12
-12
-10
-6
-4
-6
-9
-8
-9
-3
-4
-3
-10
-5
-4
-3
5
3
-1
-4
-2
-2
8
7
6
-1
0
3
7
6
7
3
4
5
11
14
13
7
11
8
19
17
14
12
13
12
21
19
15
17
16
14
20
22
23
17
15
24
23
26
22
18
17
25
27
24
22
19
20
26
27
27
22
23
26
28
25
22
21
20
25
24
24
20
15
13
19
19
13
11
7
13
12
9
5
0
0
5
3
0
-9
-4
-9
-4
-8
-13
-11
-16
-9
-6
-10
-16
-16
-14
-8
-6
-7
-12
-10
-7
-2
-4
-3
-7
-6
-3
6
3
1
0
-3
3
8
7
8
0
2
2
6
8
4
0
0
0
3
5
7
9
18
34
56
74
84
83
93
96
106
112
106
86
72
54
37
16
-18
-62
-118
-164
-209
-242
-256
-256
-256
-256
-256
-256
-256
-256
-256
-256
-256
-256
-256
-256
-256
-256
-256
-256
-256
-256
-256
-256
-256
-256
-245
-232
-215
-196
-181
-170
-157
-145
-131
-116
-105
-95
-91
-79
-73
-57
-52
-48
-43
-34
-24
-18
-17
-17
-13
-7
0
3
2
1
6
8
15
16
15
16
16
24
25
23
19
21
22
32
30
28
25
23
29
30
33
28
26
25
28
30
35
32
25
27
27
34
31
34
25
28
24
32
29
29
27
26
23
27
27
28
19
22
19
24
24
24
15
15
17
22
21
19
13
14
10
17
17
11
8
10
8
15
11
11
4
4
2
7
8
7
-2
0
-4
2
2
3
-7
-5
-8
1
0
0
-5
-5
-7
-1
-1
-6
-8
-9
-7
-3
-5
-9
-11
-14
-6
-8
-7
-14
-16
-18
-10
-12
-17
-19
-21
-21
-19
-14
-23
-22
-24
-20
-21
-22
-26
-30
-29
-21
-24
-28
-33
-29
-28
-24
-25
-35
-36
-37
-31
-32
-33
-35
-36
-40
-31
-33
-36
-41
-41
-39
-37
-35
-45
-42
-46
-42
-37
-39
-41
-45
-45
-46
-36
-36
-38
-45
-45
-43
-35
-37
-38
-40
-39
-39
-31
-31
-31
-36
-33
-29
-23
-22
-16
-18
-14
-10
-1
4
6
6
11
16
28
36
40
41
48
57
68
75
82
83
90
98
111
119
127
126
136
143
156
162
167
170
177
180
195
202
206
205
211
214
228
232
233
233
235
242
247
248
247
246
250
257
258
256
251
255
254
258
257
251
248
244
246
244
238
229
224
220
221
214
211
199
194
185
188
179
165
158
151
151
145
135
124
119
109
111
103
95
85
77
74
73
65
55
51
44
50
45
37
30
28
23
25
20
17
12
9
8
9
10
3
-3
-3
-7
-4
-4
-7
-11
-15
-14
-17
-13
-13
-16
-20
-21
-24
-18
-17
-18
-27
-24
-25
-17
-20
-23
-26
-25
-22
-17
-19
-20
-24
-23
-24
-15
-19
-19
-21
-22
-22
-16
-17
-19
-25
-21
-20
-16
-15
-19
-22
-23
-23
-14
-16
-21
-22
-24
-21
-13
-14
-22
-21
-18
-16
-13
-15
-22
-17
-19
-13
-10
-13
-18
-15
-16
-11
-10
-14
-18
-17
-9
-4
-9
-15
-16
-15
-7
-5
-9
-12
-11
-7
-5
-4
-8
-9
-7
-4
-2
-5
-8
-5
-5
3
3
0
-1
-3
4
7
3
2
0
2
5
8
4
2
4
0
10
9
8
5
4
7
12
12
13
10
9
7
14
16
16
10
13
13
15
21
20
13
13
13
20
22
19
14
16
19
21
22
19
16
16
16
25
23
23
14
14
14
17
22
19
15
10
11
8
15
11
11
1
3
0
3
3
2
-4
-9
-8
-3
-7
-17
-15
-16
-12
-13
-10
-17
-19
-17
-12
-13
-13
-13
-14
-13
-6
-4
-11
-6
-6
-1
2
0
-3
-2
-2
5
7
7
3
3
8
11
12
6
5
7
12
12
12
10
6
9
13
14
8
3
6
8
15
28
37
52
68
88
96
102
102
106
108
104
93
72
53
33
12
-16
-60
-111
-163
-205
-244
-256
-256
-256
-256
-256
-256
-256
-256
-256
-256
-256
-256
-256
-256
-256
-256
-256
-256
-256
-256
-256
-256
-256
-256
-244
-229
-213
-201
-188
-173
-153
-140
-129
-122
-113
-102
-85
-75
-70
-64
-55
-48
-35
-30
-25
-24
-15
-11
-9
-3
5
-1
5
5
14
19
18
15
15
17
27
29
27
22
24
28
32
31
34
30
27
36
33
33
29
30
31
38
39
38
32
33
35
40
41
38
35
32
39
39
37
30
32
29
35
38
35
28
28
29
35
34
26
24
27
32
30
29
22
26
20
25
25
24
20
19
15
23
19
14
13
12
13
13
16
14
7
8
8
11
13
8
2
0
8
11
10
8
2
-1
-2
4
3
3
-3
-5
-7
2
0
-4
-9
-6
-7
-7
-9
-8
-14
-15
-17
-8
-10
-11
-16
-21
-18
-13
-17
-17
-21
-23
-19
-19
-17
-18
-24
-27
-26
-22
-21
-22
-24
-27
-26
-26
-26
-28
-27
-31
-31
-25
-26
-30
-33
-35
-36
-28
-30
-39
-39
-38
-36
-37
-36
-42
-42
-41
-36
-38
-38
-45
-48
-41
-37
-40
-42
-46
-46
-40
-42
-41
-45
-43
-45
-37
-37
-41
-43
-41
-31
-32
-30
-34
-31
-31
-18
-18
-14
-17
-11
-6
2
6
3
10
17
31
35
44
45
51
56
69
81
83
86
98
104
116
125
129
134
139
148
160
170
174
172
182
187
197
208
210
205
211
216
221
232
236
235
234
238
242
250
251
253
247
249
251
259
255
255
248
248
247
253
246
248
239
235
229
232
228
221
211
208
197
197
192
185
172
166
162
158
152
144
134
128
118
117
110
99
94
85
86
82
73
62
55
51
53
50
42
34
29
31
26
24
15
10
12
14
11
11
1
-1
-4
3
1
-4
-7
-10
-6
-4
-7
-12
-13
-14
-9
-11
-14
-18
-20
-18
-11
-18
-19
-17
-20
-14
-14
-14
-23
-20
-23
-18
-15
-19
-22
-21
-22
-14
-19
-18
-23
-23
-21
-14
-16
-17
-22
-23
-24
-18
-16
-18
-24
-21
-23
-16
-16
-15
-19
-18
-19
-14
-12
-14
-17
-17
-18
-9
-10
-13
-17
-15
-18
-8
-11
-8
-17
-14
-16
-10
-11
-11
-13
-16
-14
-8
-8
-10
-13
-12
-11
-6
-6
-8
-9
-9
-10
-4
-3
-4
-10
-8
-7
-2
-1
-2
-3
-4
-3
1
1
0
-1
-4
4
4
5
1
1
0
6
7
5
1
3
4
13
10
4
6
4
10
12
13
5
8
7
14
12
16
9
11
14
20
14
10
10
12
19
21
18
15
11
14
22
23
19
17
16
19
25
24
16
18
15
18
20
17
9
10
9
8
13
13
6
4
1
-2
4
0
-1
-7
-12
-11
-6
-12
-13
-20
-19
-19
-14
-17
-18
-21
-17
-19
-10
-16
-12
-16
-13
-16
-8
-4
-6
-5
-7
-6
3
5
4
0
3
1
12
9
12
8
9
8
11
12
13
8
9
8
13
13
13
11
7
10
14
9
12
13
26
42
60
76
83
93
102
112
115
112
95
77
54
42
22
-3
-36
-81
-126
-170
-213
-256
-256
-256
-256
-256
-256
-256
-256
-256
-256
-256
-256
-256
-256
-256
-256
-256
-256
-256
-256
-256
-256
-256
-256
-256
-241
-221
-209
-197
-182
-169
-146
-134
-125
-117
-103
-96
-80
-72
-61
-61
-50
-46
-33
-27
-25
-22
-19
-10
-4
2
5
4
6
9
19
18
21
18
19
22
29
31
27
27
26
28
32
37
38
32
30
32
39
41
37
31
34
34
40
44
39
39
36
39
41
44
44
40
37
37
41
45
44
42
36
39
37
43
43
40
34
37
40
37
37
28
29
27
37
35
34
28
26
24
32
27
22
18
19
21
25
19
12
14
11
16
13
10
8
7
4
9
8
0
-1
-3
6
3
0
-5
-8
-4
-2
-3
-7
-13
-10
-4
-6
-8
-14
-16
-16
-10
-13
-13
-19
-17
-25
-12
-15
-19
-19
-15
-21
-14
-18
-19
-25
-26
-25
-19
-19
-22
-25
-29
-32
-25
-25
-30
-35
-34
-35
-29
-29
-35
-39
-37
-40
-35
-31
-36
-42
-42
-42
-35
-34
-38
-44
-44
-43
-37
-42
-41
-44
-46
-47
-40
-41
-42
-49
-48
-48
-45
-46
-48
-52
-52
-55
-45
-47
-44
-51
-52
-47
-43
-40
-36
-41
-43
-41
-32
-30
-28
-29
-24
-23
-14
-12
-13
-8
-4
10
12
19
22
27
33
48
54
60
64
70
82
94
99
103
109
122
131
136
143
146
152
162
175
177
179
185
191
204
208
213
212
215
223
233
236
237
236
238
241
253
253
248
250
250
259
257
256
251
250
250
255
253
247
239
236
233
236
231
226
219
209
205
203
199
191
177
174
166
166
157
151
140
134
125
123
118
112
97
91
86
87
79
73
63
56
53
50
47
43
32
31
23
26
24
18
6
11
2
8
5
-4
-6
-3
-5
-6
-2
-6
-8
-16
-13
-17
-11
-10
-16
-19
-17
-16
-13
-13
-20
-23
-20
-14
-16
-16
-22
-22
-21
-18
-17
-24
-22
-25
-14
-16
-20
-23
-23
-22
-15
-17
-19
-25
-22
-19
-18
-17
-22
-24
-19
-17
-19
-17
-25
-23
-23
-16
-20
-22
-21
-22
-16
-17
-18
-19
-22
-23
-16
-16
-14
-23
-21
-20
-11
-13
-18
-19
-18
-12
-11
-14
-19
-18
-17
-13
-10
-13
-15
-17
-13
-12
-10
-11
-14
-15
-15
-10
-5
-9
-13
-12
-11
-3
-1
0
-7
-6
-6
-6
3
4
1
-1
3
3
11
8
7
1
4
3
13
10
11
5
7
6
13
10
9
5
5
6
11
11
10
7
7
11
19
16
16
12
15
14
20
16
17
13
15
19
22
21
16
16
15
18
20
14
13
10
11
15
13
9
4
4
10
7
1
-3
-4
-6
-6
-5
-13
-14
-12
-11
-8
-12
-17
-17
-17
-9
-12
-14
-13
-16
-13
-1
-4
-8
-6
-6
2
6
4
2
3
4
15
14
14
11
9
16
18
20
13
13
14
14
21
23
24
15
20
21
23
26
24
18
18
17
25
25
23
20
18
19
24
21
19
24
33
47
68
81
92
99
103
113
120
119
107
84
62
47
37
19
-14
-58
-109
-158
-194
-234
-256
-256
-256
-256
-256
-256
-256
-256
-256
-256
-256
-256
-256
-256
-256
-256
-256
-256
-256
-256
-256
-256
-256
-251
-237
-223
-208
-190
-171
-157
-146
-136
-123
-104
-93
-81
-77
-69
-59
-48
-40
-33
-32
-27
-14
-10
-6
-2
1
3
13
18
18
19
21
24
32
30
31
33
34
39
41
42
40
42
45
52
52
53
52
52
53
60
61
55
60
61
68
67
72
65
65
68
75
75
74
72
71
69
76
77
79
70
72
73
76
76
75
69
68
70
66
74
71
63
61
62
53
61
57
54
44
45
44
48
45
40
35
29
27
30
33
26
21
16
14
15
14
11
5
-1
0
4
1
-3
-8
-12
-15
-7
-12
-17
-21
-23
-24
-18
-20
-22
-31
-30
-28
-27
-33
-38
-37
-40
-37
-37
-41
-45
-46
-49
-44
-44
-55
-53
-56
-49
-49
-54
-61
-60
-61
-54
-55
-55
-60
-60
-62
-59
-59
-62
-67
-65
-60
-62
-62
-70
-63
-69
-65
-66
-70
-75
-73
-70
-70
-70
-76
-77
-80
-71
-73
-76
-77
-79
-80
-75
-78
-75
-81
-84
-84
-74
-78
-77
-84
-81
-80
-76
-80
-73
-76
-79
-73
-68
-66
-66
-68
-60
-65
-48
-51
-47
-45
-43
-35
-29
-21
-20
-17
-12
-6
4
12
18
19
24
35
47
53
62
65
69
79
95
104
105
112
118
128
139
147
156
154
163
172
180
191
198
194
201
209
220
222
224
224
229
232
245
244
239
243
248
253
253
254
249
249
249
254
252
254
245
243
243
244
240
229
227
221
225
220
210
200
194
188
192
180
172
164
158
154
147
142
128
122
115
117
107
97
85
82
78
74
70
56
53
46
45
45
39
27
24
20
25
22
18
9
9
5
9
7
4
-5
-3
-5
3
-1
-1
-9
-10
-9
-7
-6
-7
-11
-14
-14
-11
-7
-10
-17
-16
-19
-14
-14
-15
-22
-20
-19
-13
-13
-14
-18
-20
-21
-14
-12
-14
-23
-24
-19
-14
-16
-15
-20
-23
-19
-13
-16
-13
-22
-18
-21
-15
-14
-14
-22
-20
-19
-17
-15
-18
-23
-19
-22
-16
-14
-17
-19
-18
-18
-12
-14
-17
-15
-16
-12
-10
-13
-17
-20
-19
-8
-10
-11
-17
-15
-11
-7
-11
-13
-15
-15
-10
-9
-11
-14
-14
-14
-5
-7
-9
-11
-8
-2
-1
1
-6
-4
-3
4
2
3
-1
0
4
7
9
4
3
4
10
10
10
5
5
6
13
15
12
10
10
11
15
17
19
8
11
8
13
17
13
11
7
7
9
8
6
1
2
-3
4
5
1
-4
-4
-6
-4
-4
-5
-7
-9
-8
-5
0
-4
-6
-7
-3
-3
5
6
9
9
7
10
20
17
21
19
20
23
32
29
31
27
30
32
37
40
34
36
37
44
43
45
38
43
41
51
52
51
46
47
51
54
54
51
50
48
61
57
58
56
58
55
65
65
59
58
57
65
65
68
61
63
62
69
69
65
60
61
61
66
67
70
80
96
111
124
131
130
136
137
147
138
124
104
92
82
64
34
-14
-64
-118
-159
-205
-247
-256
-256
-256
-256
-256
-256
-256
-256
-256
-256
-256
-256
-256
-256
-256
-256
-256
-256
-256
-256
-256
-239
-218
-201
-189
-175
-156
-141
-121
-110
-103
-93
-81
-67
-55
-47
-38
-32
-24
-19
-5
1
9
8
13
19
27
33
36
38
39
44
54
58
60
58
62
64
75
76
75
73
74
79
83
84
81
80
85
90
88
91
86
87
85
93
88
89
86
83
88
88
85
78
76
75
77
78
74
67
65
62
67
63
59
52
51
59
53
52
43
44
40
45
40
39
33
31
31
32
28
21
18
14
17
13
10
2
2
-3
3
-3
-9
-14
-14
-12
-12
-15
-23
-26
-31
-34
-28
-34
-38
-42
-46
-49
-44
-47
-51
-60
-61
-64
-57
-62
-64
-73
-73
-75
-72
-73
-76
-84
-88
-85
-84
-81
-88
-93
-95
-99
-92
-92
-94
-103
-103
-102
-100
-103
-104
-110
-108
-110
-104
-107
-111
-115
-119
-116
-113
-115
-113
-118
-121
-120
-117
-116
-122
-126
-126
-123
-120
-121
-127
-130
-128
-122
-125
-124
-130
-130
-127
-124
-125
-124
-128
-132
-133
-123
-125
-129
-131
-128
-121
-123
-122
-126
-124
-121
-116
-114
-116
-116
-115
-107
-100
-102
-101
-97
-92
-83
-80
-78
-77
-72
-64
-51
-45
-46
-39
-32
-20
-10
-6
-3
7
15
31
38
44
48
62
68
83
93
101
103
113
120
139
146
152
156
162
168
183
190
193
198
202
208
222
226
228
226
230
238
247
250
248
248
249
249
257
258
257
250
252
253
258
255
252
246
239
237
240
239
234
225
221
212
213
209
202
191
187
181
177
174
165
154
145
140
140
130
122
111
103
100
99
94
84
74
71
63
65
56
49
40
37
36
35
30
23
18
13
18
14
11
5
6
3
5
1
-1
-9
-5
2
-1
-6
-10
-10
-12
-3
-6
-6
-11
-15
-10
-8
-11
-15
-17
-14
-9
-11
-10
-15
-15
-16
-10
-12
-13
-15
-14
-10
-10
-10
-13
-16
-19
-10
-12
-11
-17
-13
-17
-11
-11
-14
-19
-17
-20
-10
-11
-14
-17
-20
-17
-14
-8
-12
-15
-17
-14
-12
-10
-11
-17
-15
-18
-13
-11
-10
-16
-20
-17
-13
-8
-11
-15
-18
-15
-9
-7
-12
-11
-12
-13
-14
-3
-7
-10
-11
-11
-7
-4
-5
-4
-9
-6
-7
2
-2
0
-5
-4
-2
5
2
0
1
1
7
8
10
3
3
7
13
13
10
9
4
15
10
13
10
11
10
16
15
15
9
12
12
19
18
13
12
13
19
20
23
18
19
16
20
21
23
17
16
23
21
23
16
18
17
20
21
17
12
8
13
17
10
9
6
5
9
9
9
0
2
-1
2
5
2
-2
-3
-2
-5
0
-1
1
-8
-5
-6
3
3
2
-1
-2
-4
4
8
6
5
5
5
14
13
12
14
15
12
20
21
19
15
16
16
25
25
23
19
21
20
24
25
26
18
20
19
29
24
22
18
22
22
25
25
23
17
19
19
34
45
61
74
87
99
107
111
114
115
113
102
88
69
49
27
1
-31
-78
-134
-179
-220
-254
-256
-256
-256
-256
-256
-256
-256
-256
-256
-256
-256
-256
-256
-256
-256
-256
-256
-256
-256
-256
-256
-256
-256
-244
-229
-215
-200
-184
-164
-148
-142
-132
-118
-102
-88
-80
-77
-66
-58
-45
-37
-31
-28
-23
-20
-9
-4
0
0
3
10
17
18
18
15
18
21
27
31
31
29
30
29
40
37
39
36
39
39
43
44
44
41
40
42
49
51
50
46
47
45
52
55
53
48
48
50
53
53
54
49
47
48
51
53
50
43
45
42
45
49
47
42
36
35
43
41
40
33
29
29
37
32
31
23
22
21
29
23
15
13
15
18
17
15
11
10
9
14
11
9
1
-1
-2
8
3
-1
-5
-8
-2
-2
-10
-9
-10
-14
-9
-9
-11
-19
-18
-14
-13
-16
-20
-24
-27
-21
-22
-22
-29
-33
-30
-25
-26
-32
-34
-37
-31
-30
-33
-37
-40
-39
-39
-39
-37
-44
-41
-46
-41
-41
-41
-46
-46
-50
-46
-41
-46
-48
-53
-51
-49
-47
-48
-47
-53
-54
-57
-52
-53
-56
-55
-59
-60
-53
-55
-56
-61
-60
-60
-55
-56
-55
-61
-60
-60
-52
-54
-57
-59
-57
-58
-48
-49
-49
-53
-51
-48
-39
-37
-37
-39
-37
-31
-23
-20
-18
-18
-13
-11
4
6
10
17
19
30
39
44
48
53
62
76
82
89
92
104
113
122
130
132
139
146
157
165
169
173
181
188
200
203
206
204
216
222
228
231
232
234
237
246
247
248
245
249
253
261
259
250
254
251
255
256
250
244
244
241
245
243
234
226
225
218
219
216
205
198
190
181
179
175
166
156
150
145
139
137
126
115
110
104
103
98
88
81
72
66
68
62
56
45
41
37
41
35
30
23
15
14
14
12
11
3
-1
-2
3
1
-3
-11
-14
-11
-8
-9
-10
-17
-16
-18
-19
-13
-17
-21
-22
-22
-19
-18
-18
-23
-23
-23
-20
-19
-18
-24
-24
-23
-21
-18
-18
-25
-23
-18
-16
-20
-26
-23
-24
-15
-17
-18
-22
-23
-23
-14
-17
-16
-24
-17
-14
-16
-15
-18
-17
-16
-13
-11
-14
-18
-19
-14
-12
-10
-15
-14
-16
-10
-8
-11
-15
-12
-12
-8
-5
-11
-15
-8
-6
-3
-6
-10
-12
-12
-2
-1
-2
-6
-9
-8
-7
2
-2
-2
-7
-6
-7
3
2
2
0
1
1
6
7
6
0
2
2
12
9
8
7
7
7
12
14
14
8
12
8
17
19
19
11
13
12
19
19
20
16
15
15
25
23
23
18
19
16
24
26
23
20
22
16
26
24
25
20
20
22
25
25
26
24
24
27
29
25
23
23
19
28
27
24
19
20
17
24
21
15
12
11
15
14
15
6
4
4
10
8
7
1
-2
-4
3
-2
-8
-9
-10
-7
-7
-6
-13
-13
-12
-3
-6
-5
-10
-10
-9
0
-2
-9
-7
-6
3
5
3
-4
2
0
8
8
8
4
4
6
12
10
7
9
7
4
10
9
8
5
13
26
43
64
76
80
85
93
107
112
103
80
60
36
21
-1
-33
-85
-130
-178
-219
-256
-256
-256
-256
-256
-256
-256
-256
-256
-256
-256
-256
-256
-256
-256
-256
-256
-256
-256
-256
-256
-256
-256
-256
-256
-251
-238
-220
-205
-183
-168
-155
-147
-131
-119
-101
-95
-89
-77
-70
-54
-49
-44
-41
-33
-29
-18
-14
-13
-10
-10
2
6
4
2
4
5
14
16
17
13
14
15
25
23
21
16
21
23
29
25
24
23
22
27
27
26
22
22
23
30
27
24
22
28
28
30
30
24
27
22
31
31
28
21
22
23
28
28
29
17
21
21
25
23
21
18
18
16
22
20
21
15
12
12
12
17
15
15
11
11
9
13
12
11
8
6
5
11
11
9
5
5
4
11
8
5
3
2
3
8
6
5
1
-1
1
9
5
2
-3
-2
-3
3
0
-2
-5
-6
-6
-3
-3
-8
-11
-12
-8
-6
-10
-14
-12
-14
-11
-11
-9
-17
-17
-17
-12
-12
-20
-16
-21
-14
-17
-18
-20
-23
-22
-16
-18
-21
-26
-28
-27
-25
-27
-28
-32
-33
-31
-29
-29
-36
-37
-38
-28
-29
-33
-37
-35
-35
-34
-33
-36
-39
-39
-33
-33
-35
-41
-41
-44
-36
-36
-39
-42
-42
-41
-33
-33
-35
-37
-36
-32
-24
-26
-24
-24
-23
-16
-5
-1
-1
1
5
9
22
29
33
35
43
50
62
68
77
80
88
92
104
114
119
125
131
138
145
156
164
165
173
179
184
196
202
203
206
208
217
227
232
230
232
234
236
245
251
249
248
248
256
256
258
252
252
252
258
254
252
244
244
242
246
236
231
225
219
219
216
211
199
191
185
184
178
170
157
154
143
144
135
124
118
114
110
103
95
85
80
74
74
68
62
51
44
47
43
41
29
28
23
22
22
16
12
9
3
10
7
4
-2
-3
-5
0
-4
-8
-11
-11
-14
-7
-12
-14
-17
-18
-17
-11
-15
-19
-24
-22
-22
-17
-16
-19
-23
-22
-24
-17
-20
-20
-24
-23
-24
-17
-18
-18
-23
-20
-23
-14
-15
-17
-21
-21
-22
-13
-12
-15
-19
-21
-22
-14
-13
-13
-21
-21
-22
-17
-14
-16
-17
-18
-18
-14
-13
-13
-18
-17
-18
-13
-15
-15
-19
-16
-17
-9
-11
-10
-14
-16
-11
-7
-10
-13
-13
-11
-5
-7
-5
-10
-10
-10
-2
-5
-10
-9
-10
-4
1
-3
-8
-8
-4
4
0
-1
-2
0
1
3
5
1
-1
0
6
5
7
4
2
6
9
9
6
7
5
11
13
13
8
4
10
15
12
15
9
8
11
14
19
18
12
13
13
17
19
20
9
16
16
22
20
23
19
14
17
16
21
20
16
13
13
13
18
17
16
7
5
6
12
11
7
-3
-3
-4
3
-3
-2
-10
-15
-16
-12
-15
-15
-20
-23
-22
-19
-15
-20
-23
-25
-22
-16
-13
-15
-21
-17
-16
-8
-9
-8
-11
-8
-2
0
0
-3
-2
-2
5
5
5
2
4
1
12
9
4
7
6
13
10
11
9
6
5
10
11
7
3
5
8
27
37
49
67
80
95
99
106
107
105
100
88
68
43
25
5
-20
-58
-110
-161
-205
-243
-256
-256
-256
-256
-256
-256
-256
-256
-256
-256
-256
-256
-256
-256
-256
-256
-256
-256
-256
-256
-256
-256
-256
-256
-248
-232
-224
-208
-190
-170
-155
-141
-133
-122
-112
-100
-84
-77
-69
-61
-53
-48
-37
-31
-27
-26
-18
-15
-2
-3
-1
-1
4
4
14
16
16
14
17
20
25
26
26
23
21
25
28
31
31
27
28
29
33
37
33
28
33
35
37
37
33
33
30
39
38
32
32
30
33
40
35
38
30
32
37
37
37
31
28
25
30
32
30
28
24
23
32
30
22
21
19
28
24
22
15
14
18
19
19
20
12
14
10
14
16
7
8
5
13
13
11
4
5
2
7
8
7
-3
-1
0
5
2
-4
-3
-3
-6
0
1
-3
-4
-4
-7
1
0
-6
-8
-9
-12
-3
-6
-10
-12
-15
-14
-13
-9
-14
-18
-20
-23
-15
-14
-19
-25
-27
-26
-23
-21
-24
-28
-32
-29
-28
-28
-27
-29
-37
-37
-39
-31
-35
-38
-39
-40
-43
-36
-36
-37
-40
-44
-41
-38
-38
-45
-47
-43
-40
-37
-42
-44
-46
-43
-39
-38
-39
-43
-41
-38
-35
-35
-42
-40
-36
-32
-34
-34
-37
-37
-34
-26
-28
-24
-26
-24
-18
-13
-9
-15
-9
-7
7
8
13
14
20
25
35
40
42
49
59
68
79
85
85
97
101
116
123
130
131
140
145
158
165
170
175
181
184
196
202
205
208
211
217
226
229
233
233
237
237
248
249
250
246
250
251
256
256
253
251
249
248
254
250
245
241
238
235
236
229
227
216
211
204
204
199
192
179
175
166
165
160
150
143
135
127
124
119
112
102
92
86
87
80
76
66
57
51
53
51
44
34
33
26
28
26
22
11
9
13
13
7
0
0
-2
-1
1
-3
-11
-10
-9
-6
-6
-12
-13
-16
-11
-9
-9
-15
-18
-18
-11
-12
-14
-20
-21
-22
-15
-15
-27
-25
-20
-15
-15
-18
-20
-21
-20
-18
-17
-16
-22
-20
-22
-16
-14
-21
-21
-20
-15
-18
-18
-22
-23
-22
-14
-14
-14
-22
-21
-20
-15
-15
-13
-21
-18
-17
-11
-9
-14
-19
-18
-19
-20
-12
-10
-15
-19
-15
-14
-9
-10
-11
-13
-14
-12
-7
-9
-9
-13
-12
-11
-5
-5
-6
-14
-10
-10
-3
-5
-5
-8
-9
-8
2
-1
1
-6
-3
-2
4
6
2
1
-2
-2
7
7
7
2
3
5
8
7
3
4
5
11
14
9
9
7
7
14
13
11
6
8
17
18
16
14
13
12
18
21
20
14
14
17
22
21
19
16
18
20
24
20
17
16
17
23
24
21
17
15
15
23
22
11
11
11
17
14
11
5
0
-1
3
2
-4
-8
-11
-11
-8
-13
-17
-20
-21
-21
-14
-14
-17
-20
-21
-20
-15
-13
-11
-15
-14
-10
-7
-2
-5
-10
-6
-4
4
6
2
-2
-1
1
6
10
11
9
4
7
12
17
17
12
9
10
12
18
16
13
8
6
9
15
14
18
22
37
51
74
85
93
97
103
111
121
116
89
71
49
34
15
-18
-64
-113
-159
-200
-241
-256
-256
-256
-256
-256
-256
-256
-256
-256
-256
-256
-256
-256
-256
-256
-256
-256
-256
-256
-256
-256
-256
-256
-256
-256
-234
-215
-199
-189
-175
-162
-143
-128
-116
-114
-99
-92
-78
-66
-64
-55
-47
-38
-30
-26
-26
-18
-16
-4
-3
3
-1
4
7
15
18
20
16
20
19
26
29
25
23
23
27
35
34
29
31
29
33
38
37
38
32
32
32
39
40
40
36
34
35
41
44
42
38
36
36
40
43
43
39
37
36
39
42
41
36
34
33
29
40
35
33
31
28
29
34
30
30
22
22
22
25
23
20
18
19
18
21
19
10
12
11
15
13
10
7
4
2
11
8
-1
3
2
3
2
4
-1
-3
-6
0
-1
-2
-5
-8
-9
-2
-3
-12
-11
-12
-9
-8
-12
-16
-14
-16
-11
-12
-14
-21
-20
-16
-14
-17
-21
-24
-20
-18
-20
-18
-24
-28
-27
-24
-25
-26
-32
-28
-30
-26
-29
-32
-37
-37
-38
-28
-31
-32
-40
-39
-39
-33
-35
-36
-42
-43
-42
-34
-39
-40
-44
-47
-46
-38
-37
-39
-45
-48
-45
-42
-39
-42
-46
-49
-47
-46
-41
-41
-42
-43
-42
-39
-35
-33
-39
-35
-36
-27
-23
-25
-23
-22
-20
-16
-7
-2
1
-1
6
13
17
26
28
35
44
56
64
71
74
79
85
99
106
111
115
122
134
147
152
155
159
165
179
184
189
190
198
202
214
218
222
223
224
235
240
242
238
242
244
252
251
253
248
251
250
255
255
250
248
243
246
244
244
234
229
224
227
224
219
207
200
197
199
188
181
171
165
156
157
150
138
127
123
116
115
105
98
89
85
77
79
74
63
55
53
46
46
40
34
26
22
19
25
19
18
7
4
2
8
6
1
-4
-4
-6
-2
-6
-10
-12
-11
-11
-7
-9
-12
-18
-19
-19
-13
-12
-17
-21
-17
-20
-15
-12
-14
-21
-19
-17
-15
-11
-12
-21
-21
-21
-15
-11
-13
-20
-21
-19
-9
-15
-21
-18
-17
-10
-12
-15
-22
-22
-17
-14
-12
-17
-21
-19
-20
-14
-15
-17
-17
-19
-11
-13
-15
-19
-18
-19
-12
-10
-13
-15
-18
-18
-8
-12
-11
-15
-16
-7
-6
-9
-13
-10
-11
-5
-7
-5
-11
-10
-4
-3
-6
-9
-6
-5
-1
0
1
-5
-5
-5
0
4
2
-3
-3
0
-3
7
3
2
0
-1
4
7
5
4
4
2
5
9
9
11
5
7
6
10
10
10
6
9
6
12
13
15
11
9
7
18
16
17
12
15
13
21
20
20
16
13
18
21
21
22
19
18
17
21
20
23
13
15
15
21
19
16
6
6
3
7
1
-6
-4
-6
-7
-5
-10
-16
-22
-22
-18
-20
-21
-23
-23
-17
-16
-18
-24
-23
-21
-14
-9
-14
-16
-14
-12
-2
-3
3
-4
-1
8
9
5
1
3
7
11
10
10
8
8
9
17
14
11
9
12
18
16
15
9
10
13
18
16
17
9
10
7
14
20
33
42
60
73
87
99
104
111
112
117
109
102
83
65
43
20
-13
-52
-102
-150
-202
-238
-256
-256
-256
-256
-256
-256
-256
-256
-256
-256
-256
-256
-256
-256
-256
-256
-256
-256
-256
-256
-256
-256
-256
-256
-246
-222
-205
-191
-178
-163
-152
-136
-121
-111
-102
-95
-84
-69
-58
-55
-51
-43
-35
-26
-20
-15
-13
-9
-2
4
9
7
11
14
21
27
24
22
24
28
36
35
38
33
37
44
47
44
42
43
45
52
52
48
47
46
50
55
56
53
50
50
59
57
57
58
55
54
60
64
62
60
57
56
61
63
59
57
56
52
60
59
57
46
50
51
53
56
53
45
45
44
48
44
40
37
38
35
40
34
32
26
23
23
29
26
21
16
14
10
15
14
10
6
6
2
6
8
4
-4
-4
-5
-6
-4
-9
-12
-13
-14
-13
-12
-15
-19
-21
-25
-24
-18
-22
-24
-30
-31
-32
-25
-26
-32
-34
-34
-32
-33
-32
-37
-42
-39
-35
-38
-42
-43
-46
-47
-39
-44
-49
-49
-49
-45
-44
-45
-54
-51
-54
-50
-51
-49
-55
-57
-55
-49
-51
-58
-63
-61
-54
-54
-57
-60
-61
-62
-54
-57
-60
-65
-63
-64
-58
-60
-66
-64
-64
-61
-59
-59
-62
-64
-62
-53
-56
-53
-56
-57
-50
-44
-46
-44
-45
-46
-37
-27
-28
-22
-21
-18
-15
-1
4
10
12
18
25
36
45
49
53
59
66
80
91
97
100
107
113
129
135
144
143
152
159
168
178
185
182
192
196
206
212
218
218
222
225
230
239
241
245
242
242
243
253
250
253
250
250
250
252
251
246
242
242
244
242
238
230
227
222
222
219
208
203
193
191
189
181
167
160
154
148
146
138
128
122
110
117
105
97
87
82
78
75
68
57
52
47
49
43
41
29
27
25
28
25
17
11
8
6
9
11
0
0
-5
3
-1
-3
-4
-7
-11
-4
-5
-6
-13
-14
-14
-8
-9
-11
-13
-15
-18
-9
-12
-16
-17
-20
-17
-13
-13
-16
-21
-20
-19
-16
-14
-17
-19
-20
-21
-14
-16
-19
-22
-23
-21
-16
-14
-15
-21
-22
-23
-14
-15
-15
-19
-19
-20
-17
-15
-14
-24
-20
-18
-20
-15
-14
-14
-21
-23
-21
-15
-15
-15
-22
-19
-17
-13
-15
-18
-22
-20
-11
-11
-14
-19
-18
-14
-9
-10
-12
-17
-18
-17
-8
-8
-16
-14
-13
-9
-5
-6
-11
-8
-10
-2
-5
-3
-8
-9
-10
-2
0
-7
-5
-4
1
5
6
0
2
0
7
8
8
1
1
7
9
10
4
5
4
11
9
10
6
7
6
13
13
9
5
4
2
11
8
4
1
-2
-3
3
0
-3
-8
-9
-11
-6
-9
-11
-15
-14
-17
-8
-8
-12
-16
-14
-12
-6
-3
-6
-8
-5
-5
5
7
3
1
6
8
12
19
16
19
16
16
19
21
28
30
26
28
26
34
32
35
27
30
31
39
42
40
34
38
35
45
44
41
38
39
42
49
47
45
41
42
49
49
50
47
46
48
56
54
53
50
52
53
53
51
45
47
47
58
68
79
84
101
113
128
129
130
133
135
131
121
108
84
70
47
20
-27
-77
-136
-179
-224
-256
-256
-256
-256
-256
-256
-256
-256
-256
-256
-256
-256
-256
-256
-256
-256
-256
-256
-256
-256
-256
-256
-247
-222
-203
-186
-176
-162
-147
-126
-114
-104
-93
-83
-76
-56
-43
-39
-37
-29
-20
-6
1
4
5
10
16
24
31
33
34
37
45
48
56
61
59
60
64
70
77
78
81
77
82
83
90
94
95
91
92
93
101
102
101
98
102
103
109
106
106
101
103
105
108
102
101
96
97
100
101
96
88
89
85
92
90
83
77
74
74
74
71
65
57
55
58
57
52
42
41
39
39
38
30
23
19
22
21
13
8
4
-2
2
0
-4
-14
-15
-16
-17
-18
-22
-28
-31
-27
-28
-31
-41
-45
-45
-43
-46
-50
-54
-59
-58
-55
-61
-62
-67
-72
-75
-70
-74
-76
-84
-84
-89
-85
-87
-85
-94
-99
-96
-93
-95
-94
-105
-102
-105
-101
-99
-102
-103
-110
-109
-110
-104
-104
-108
-111
-113
-111
-107
-109
-107
-114
-114
-113
-110
-109
-113
-115
-118
-116
-114
-115
-117
-121
-121
-121
-115
-116
-117
-122
-120
-122
-113
-117
-114
-121
-121
-117
-116
-112
-118
-119
-119
-108
-110
-109
-112
-109
-105
-99
-98
-98
-99
-96
-95
-84
-81
-83
-81
-76
-66
-58
-57
-58
-47
-43
-28
-24
-17
-14
-6
0
15
22
27
33
43
57
66
74
78
90
98
114
120
125
131
138
153
160
167
172
175
183
197
204
205
206
213
218
230
232
233
236
238
241
250
251
253
250
247
250
257
255
254
249
249
246
249
247
244
238
232
228
227
228
223
217
204
202
198
196
187
179
168
162
156
156
150
140
129
124
118
117
110
98
91
81
78
80
72
66
56
51
46
45
41
37
30
23
22
25
21
15
11
5
5
9
6
-4
-5
-4
-1
3
-1
-10
-10
-8
-6
-4
-7
-15
-13
-15
-11
-10
-18
-18
-17
-13
-13
-13
-20
-21
-19
-15
-13
-14
-18
-19
-18
-12
-13
-17
-20
-20
-11
-11
-16
-17
-22
-20
-12
-12
-17
-19
-17
-20
-11
-17
-20
-19
-21
-14
-16
-14
-20
-20
-20
-14
-15
-16
-21
-19
-20
-14
-14
-14
-20
-20
-18
-15
-12
-12
-20
-17
-20
-19
-11
-13
-13
-18
-17
-17
-12
-11
-13
-17
-14
-12
-9
-9
-6
-9
-12
-11
-3
-2
-3
-7
-5
-7
2
2
-1
-5
-2
-4
4
5
3
1
-3
-1
7
6
4
2
4
3
11
10
11
7
7
7
15
15
14
11
10
16
18
13
8
10
12
13
12
12
8
7
5
9
12
6
1
3
5
6
2
-3
-6
-7
0
-3
-4
-11
-11
-11
-5
-5
-9
-12
-11
-3
-2
-1
-7
-4
-4
3
4
5
1
4
9
13
16
15
13
16
21
26
25
23
22
21
29
30
31
24
28
31
29
37
37
33
34
34
35
41
38
39
34
35
37
45
40
45
36
40
36
47
43
42
37
39
42
44
43
41
38
39
37
44
42
39
34
36
41
57
66
82
92
102
109
120
125
133
128
125
117
101
84
58
18
-20
-66
-112
-158
-205
-249
-256
-256
-256
-256
-256
-256
-256
-256
-256
-256
-256
-256
-256
-256
-256
-256
-256
-256
-256
-256
-256
-256
-256
-242
-222
-203
-186
-180
-164
-150
-130
-118
-108
-104
-94
-80
-68
-58
-53
-49
-39
-29
-20
-18
-16
-12
-5
7
10
8
9
14
19
26
30
30
27
29
38
40
38
38
35
39
42
48
52
49
48
48
49
60
58
61
54
60
55
65
64
65
60
64
63
71
66
70
63
65
63
71
71
68
62
63
61
69
65
65
61
55
55
59
57
56
47
46
44
48
48
43
34
29
27
33
31
28
19
15
14
18
18
12
8
0
2
5
1
0
-8
-11
-14
-7
-10
-15
-21
-25
-24
-20
-21
-30
-33
-32
-28
-28
-33
-40
-39
-43
-35
-39
-39
-44
-48
-47
-43
-43
-51
-51
-56
-50
-50
-53
-59
-61
-56
-52
-54
-60
-62
-61
-60
-57
-59
-66
-66
-65
-60
-59
-62
-67
-67
-69
-61
-63
-66
-69
-66
-64
-64
-66
-68
-73
-71
-71
-67
-69
-68
-76
-73
-73
-71
-72
-73
-77
-78
-77
-72
-74
-75
-82
-79
-79
-72
-71
-73
-79
-80
-76
-70
-70
-70
-75
-72
-72
-66
-63
-62
-64
-62
-59
-50
-48
-48
-46
-45
-39
-31
-25
-21
-24
-17
-12
-1
8
13
13
20
28
41
49
56
63
67
77
89
98
105
108
118
125
141
146
153
155
163
173
182
188
194
196
202
212
221
223
222
226
231
240
245
244
244
245
245
256
257
249
250
252
257
256
254
248
248
246
250
248
242
234
230
227
230
225
216
207
202
204
199
193
181
174
164
165
157
151
136
130
124
124
117
107
98
91
87
87
79
72
62
59
52
54
46
40
33
29
28
27
25
20
12
10
6
11
7
5
-2
-5
-5
-2
-4
-6
-12
-15
-15
-8
-11
-13
-17
-22
-19
-13
-14
-15
-23
-22
-21
-16
-17
-20
-22
-25
-22
-18
-19
-25
-24
-25
-25
-19
-17
-19
-22
-24
-24
-20
-15
-16
-23
-21
-23
-15
-13
-17
-22
-19
-18
-9
-15
-15
-18
-17
-13
-10
-12
-15
-16
-16
-9
-9
-9
-13
-15
-16
-9
-9
-11
-14
-15
-8
-8
-6
-11
-13
-12
-6
-4
-4
-11
-10
-8
-3
-2
-10
-7
-8
-1
3
1
-6
-7
-3
4
2
2
-2
-1
1
7
5
6
0
0
3
10
8
9
3
6
5
10
12
12
8
10
8
14
15
14
9
11
13
18
18
21
13
14
17
21
23
21
15
15
18
25
24
24
21
18
22
25
27
25
22
22
24
29
29
30
23
25
24
29
33
31
28
26
25
26
30
30
30
27
25
29
30
27
17
20
19
24
22
20
14
13
12
17
16
16
5
5
9
7
3
-3
-5
-6
1
0
-4
-7
-9
-9
-5
-3
-4
-9
-8
-1
3
0
-3
-2
-1
4
7
6
3
1
4
12
9
10
8
6
11
12
15
7
8
6
13
11
9
3
8
19
38
51
68
75
87
94
105
111
118
110
97
80
63
42
15
-18
-55
-98
-139
-190
-232
-256
-256
-256
-256
-256
-256
-256
-256
-256
-256
-256
-256
-256
-256
-256
-256
-256
-256
-256
-256
-256
-256
-256
-256
-256
-249
-233
-211
-196
-183
-172
-157
-141
-125
-114
-102
-98
-89
-79
-62
-54
-50
-46
-40
-34
-20
-18
-17
-15
-13
-10
0
1
-2
2
5
11
12
14
12
10
12
20
20
21
16
19
17
23
27
20
21
20
29
28
27
21
23
24
29
32
31
23
24
23
31
30
23
25
26
29
31
30
22
24
22
28
28
25
19
18
22
26
23
16
17
17
22
22
19
16
14
15
19
19
17
11
10
10
15
16
11
6
8
5
9
11
11
4
5
2
7
10
8
4
2
2
0
6
3
4
-1
-1
-1
2
1
-1
-8
-6
-8
-1
-6
-6
-10
-12
-12
-5
-7
-8
-15
-15
-13
-9
-9
-10
-14
-14
-17
-9
-11
-12
-16
-19
-19
-14
-15
-18
-24
-22
-24
-18
-21
-26
-26
-27
-22
-22
-24
-26
-29
-30
-24
-26
-27
-33
-33
-32
-27
-28
-34
-38
-36
-33
-34
-34
-39
-41
-40
-38
-39
-39
-42
-44
-44
-38
-38
-44
-44
-43
-38
-35
-38
-38
-39
-38
-32
-30
-30
-36
-31
-30
-20
-17
-25
-20
-17
-9
-6
-5
-5
0
3
16
22
25
26
31
37
51
56
61
65
73
78
92
100
104
108
114
124
131
143
151
155
157
166
173
185
190
193
197
201
205
216
219
222
225
227
232
240
243
245
243
246
247
256
257
258
251
251
252
258
258
255
248
244
242
245
243
238
227
226
220
219
214
208
196
191
183
184
178
169
157
150
148
145
134
125
116
109
107
100
91
85
77
73
72
67
59
51
46
47
43
38
28
25
22
27
23
19
8
7
4
10
9
2
-4
-5
0
-1
-5
-11
-14
-14
-6
-9
-14
-18
-19
-20
-12
-14
-21
-23
-21
-18
-17
-18
-23
-24
-23
-18
-18
-20
-25
-25
-24
-18
-15
-20
-27
-24
-24
-24
-18
-19
-22
-21
-22
-21
-17
-17
-20
-25
-23
-22
-15
-17
-17
-25
-23
-20
-15
-17
-18
-23
-22
-23
-16
-16
-15
-23
-22
-22
-14
-15
-15
-19
-17
-18
-11
-11
-12
-18
-17
-14
-10
-9
-10
-13
-13
-12
-8
-12
-8
-13
-9
-10
-2
-4
-5
-8
-10
-1
-3
-4
-6
-7
-5
0
3
1
-5
-4
-1
7
5
3
0
-1
8
8
8
2
5
4
14
11
12
9
8
8
11
14
12
10
11
14
18
18
12
13
14
20
21
17
15
15
14
22
22
20
19
17
25
26
23
18
19
21
25
25
26
19
14
16
17
25
21
17
17
14
11
20
15
14
6
7
5
9
8
4
-2
-4
-4
-2
-2
-6
-11
-12
-15
-9
-10
-9
-16
-16
-15
-10
-9
-9
-13
-9
-10
-2
-1
-1
-8
-4
-4
3
6
5
2
-1
0
9
10
10
7
5
6
14
14
14
7
8
6
14
14
15
8
7
3
11
8
8
16
28
49
63
77
85
93
96
111
117
118
101
82
64
45
25
-8
-48
-92
-134
-180
-225
-256
-256
-256
-256
-256
-256
-256
-256
-256
-256
-256
-256
-256
-256
-256
-256
-256
-256
-256
-256
-256
-256
-256
-256
-256
-242
-225
-211
-198
-183
-170
-150
-136
-127
-119
-108
-98
-81
-70
-64
-60
-52
-47
-31
-31
-24
-23
-18
-14
-4
0
1
-3
1
7
14
18
18
15
15
16
24
25
24
22
21
21
28
31
30
27
24
25
29
34
34
27
29
29
32
34
35
32
28
27
30
34
31
30
25
28
26
33
31
27
24
27
29
31
27
23
25
23
29
27
27
21
22
21
25
24
19
19
17
23
22
18
15
12
13
18
16
15
8
9
9
15
13
7
4
3
11
9
8
3
0
0
4
3
3
-5
-6
-7
0
-4
-5
-9
-10
-4
-5
-6
-13
-13
-14
-7
-7
-9
-13
-16
-15
-9
-8
-11
-17
-18
-16
-12
-15
-17
-23
-24
-26
-19
-18
-21
-25
-27
-27
-22
-21
-24
-28
-29
-28
-22
-25
-29
-31
-32
-33
-29
-26
-27
-37
-35
-39
-33
-31
-32
-37
-40
-37
-38
-32
-33
-35
-39
-40
-41
-35
-33
-36
-43
-41
-41
-34
-36
-38
-44
-41
-41
-37
-38
-39
-41
-43
-36
-31
-31
-34
-34
-31
-24
-19
-21
-24
-17
-15
-6
-3
-2
3
9
20
27
28
28
35
42
54
60
65
68
78
83
97
102
106
115
123
134
143
148
154
156
165
179
183
191
190
198
200
214
215
218
219
226
234
239
238
240
243
246
253
255
254
250
250
251
259
256
255
250
247
247
250
246
241
235
230
226
231
222
217
206
197
192
191
187
179
165
160
152
151
145
136
124
119
111
110
104
95
85
80
76
71
73
63
59
49
42
38
41
37
30
23
21
16
22
20
14
7
3
6
6
3
0
-6
-8
-8
-3
-4
-7
-12
-18
-10
-11
-12
-17
-19
-20
-14
-14
-17
-22
-23
-22
-14
-12
-20
-22
-22
-16
-15
-17
-20
-19
-20
-15
-15
-15
-22
-20
-21
-17
-16
-23
-22
-20
-12
-15
-17
-19
-19
-20
-14
-14
-17
-22
-19
-22
-16
-18
-20
-20
-22
-13
-16
-16
-20
-20
-20
-12
-13
-14
-18
-18
-15
-11
-13
-11
-15
-16
-15
-8
-11
-11
-17
-14
-14
-10
-10
-10
-14
-13
-13
-4
-2
-4
-9
-8
-7
-2
-3
-3
-4
-6
-6
2
2
0
-1
-3
-1
3
6
6
-1
0
3
4
7
9
4
2
4
3
11
8
10
4
6
6
13
12
12
9
9
10
17
13
12
10
12
18
18
16
13
13
15
22
21
19
14
18
15
22
24
15
18
15
23
23
25
16
16
18
23
21
18
14
12
11
18
15
9
7
6
9
7
5
0
-4
-9
-3
-6
-9
-13
-14
-14
-9
-13
-18
-16
-18
-12
-9
-10
-12
-14
-12
-3
-3
-5
-8
-8
-6
2
2
3
0
2
0
8
7
5
3
4
4
14
12
13
7
7
3
15
15
14
10
8
9
13
14
10
8
5
11
21
34
48
62
75
85
96
104
108
110
109
104
93
74
53
24
-1
-35
-84
-123
-173
-219
-256
-256
-256
-256
-256
-256
-256
-256
-256
-256
-256
-256
-256
-256
-256
-256
-256
-256
-256
-256
-256
-256
-256
-256
-256
-240
-221
-208
-197
-181
-167
-148
-136
-125
-118
-106
-95
-78
-71
-59
-60
-50
-40
-34
-26
-28
-23
-17
-6
-4
0
-4
-1
3
12
17
14
12
12
21
24
25
23
23
23
32
31
31
28
29
30
37
36
35
33
32
34
37
38
37
35
34
35
41
40
39
32
33
35
39
40
38
34
34
36
41
41
44
34
34
35
40
39
37
33
30
30
37
36
32
28
26
25
31
29
29
23
19
18
22
22
22
15
11
10
16
17
17
8
8
5
7
11
12
5
4
4
2
8
5
-2
2
0
2
3
0
-5
-7
-5
0
-3
-3
-13
-10
-5
-4
-5
-13
-15
-13
-10
-12
-11
-17
-17
-20
-12
-13
-16
-20
-20
-16
-14
-17
-23
-23
-25
-20
-20
-23
-27
-26
-27
-21
-22
-26
-33
-32
-26
-25
-26
-34
-35
-36
-28
-29
-34
-38
-38
-37
-34
-36
-36
-42
-41
-41
-34
-35
-38
-46
-43
-44
-38
-40
-43
-46
-48
-43
-39
-37
-40
-45
-42
-43
-36
-34
-33
-37
-36
-33
-26
-25
-25
-26
-23
-20
-10
-5
-5
-5
-1
4
13
19
24
24
30
36
49
56
60
62
73
79
92
97
107
110
117
123
135
144
150
151
160
167
176
185
190
189
196
203
215
220
220
222
224
228
240
241
243
239
241
248
251
251
249
251
251
255
253
253
246
244
243
245
243
236
231
229
227
225
219
208
202
199
198
191
184
172
167
159
158
150
138
130
124
123
118
109
100
89
88
85
79
73
64
60
55
54
49
39
34
31
26
30
24
20
13
9
5
10
7
4
-2
-4
-7
0
-3
-8
-11
-13
-14
-9
-9
-12
-18
-19
-20
-15
-15
-18
-24
-21
-21
-17
-18
-18
-23
-24
-23
-18
-14
-20
-20
-23
-23
-16
-17
-18
-22
-23
-20
-17
-16
-16
-22
-21
-21
-14
-12
-15
-21
-20
-22
-14
-15
-16
-24
-19
-22
-15
-15
-16
-20
-20
-20
-14
-14
-18
-20
-19
-14
-12
-13
-17
-16
-16
-10
-13
-13
-14
-15
-13
-9
-7
-14
-15
-16
-6
-6
-7
-15
-12
-11
-4
-5
-5
-11
-11
-6
-4
-6
-10
-8
-6
0
0
0
-6
-5
-6
5
4
3
-2
-1
5
7
4
2
-1
1
5
9
9
4
2
3
9
9
9
6
5
5
5
13
12
11
7
9
10
17
16
15
15
13
12
18
19
17
16
14
14
22
22
21
18
19
18
24
23
22
18
16
15
22
20
20
15
12
14
19
14
13
8
6
3
7
7
2
-5
-7
-8
-8
-6
-10
-16
-16
-19
-13
-15
-15
-20
-20
-16
-14
-13
-17
-15
-12
-6
-5
-6
-7
-8
-3
0
4
3
-1
1
6
8
9
6
6
7
15
12
12
7
8
10
15
16
9
10
15
18
15
13
8
7
7
9
14
18
25
42
62
80
91
94
97
105
116
120
111
89
67
49
33
4
-32
-81
