16
11
18
20
19
13
12
14
21
17
17
13
11
16
18
18
11
13
10
18
20
15
10
11
13
16
15
14
9
8
14
14
16
10
12
11
18
21
19
15
17
17
26
24
25
21
21
21
30
30
26
23
24
30
30
27
24
20
22
27
24
22
17
15
14
24
23
18
14
13
14
19
21
16
15
12
10
15
17
16
13
10
10
8
15
14
11
10
10
9
14
13
14
10
8
7
16
15
16
13
12
14
19
21
20
15
15
14
21
27
23
19
17
19
21
24
23
18
18
17
21
23
20
16
19
19
23
24
21
20
18
17
26
24
24
21
17
18
27
26
17
19
23
25
25
23
20
20
19
26
24
23
21
22
21
25
27
25
19
21
24
26
24
22
22
21
27
29
25
21
26
22
33
32
36
45
56
75
94
107
118
131
141
144
128
93
48
9
-15
-16
-24
-40
-77
-119
-165
-203
-236
-256
-256
-256
-256
-256
-256
-243
-225
-202
-181
-157
-137
-121
-109
-97
-86
-78
-61
-58
-52
-49
-47
-44
-31
-32
-29
-30
-27
-21
-14
-11
-10
-12
-8
-6
5
5
3
2
5
7
12
15
18
12
15
15
25
28
29
29
28
29
36
44
41
39
41
40
50
51
50
47
51
48
57
57
54
51
51
48
58
52
47
46
46
50
51
51
43
43
43
49
47
43
39
36
36
42
40
34
31
28
34
36
34
27
27
25
32
31
28
24
22
23
33
30
26
21
25
28
30
27
22
23
21
27
30
27
22
20
23
26
27
26
22
20
21
25
26
27
18
22
24
22
27
26
25
21
20
21
29
25
26
19
19
18
32
25
23
18
20
19
29
25
25
21
20
18
23
26
23
19
21
20
26
24
21
18
19
19
22
23
21
15
16
14
20
21
21
16
15
14
20
19
19
14
13
13
17
17
17
12
10
10
16
17
13
9
11
11
15
19
16
7
9
9
13
14
11
5
5
13
11
11
3
4
7
11
6
5
1
-1
-1
5
4
-1
-11
-6
-3
-2
-8
-14
-16
-17
-13
-13
-17
-26
-29
-29
-25
-31
-33
-37
-42
-39
-42
-44
-53
-57
-56
-58
-56
-58
-61
-70
-70
-69
-65
-70
-71
-77
-77
-75
-68
-70
-69
-73
-74
-72
-59
-58
-57
-58
-52
-49
-39
-33
-28
-28
-21
-13
-1
8
15
16
25
34
47
59
69
70
80
91
101
114
124
132
134
143
149
162
168
169
172
175
177
186
185
183
178
178
173
176
171
167
155
152
146
144
137
128
117
110
105
100
92
79
74
66
65
59
52
42
35
31
31
26
23
14
11
9
12
8
2
3
0
6
2
0
-2
-6
-3
-1
2
-1
-6
-4
-3
2
2
-7
-1
1
3
4
6
2
0
0
7
10
8
1
3
3
13
11
10
7
8
7
13
13
16
9
9
9
17
16
15
14
10
10
17
16
16
12
10
13
19
18
15
10
10
10
15
18
16
12
13
13
18
18
17
16
11
11
9
18
16
15
12
11
10
17
17
15
11
10
9
14
15
13
10
10
10
17
16
16
10
13
12
18
13
17
15
13
16
26
24
22
23
23
28
30
29
25
29
28
35
36
35
30
30
28
37
38
36
31
29
31
34
32
29
27
27
32
33
30
22
24
22
29
27
25
20
22
21
25
26
21
19
17
24
24
24
17
20
20
25
26
22
17
18
20
25
24
23
18
17
19
23
25
23
18
19
18
25
25
22
19
19
19
26
24
23
20
20
18
25
26
26
20
20
20
25
26
25
22
21
21
23
31
28
27
23
26
28
34
33
32
28
24
27
32
33
30
28
27
26
34
31
29
25
27
27
31
33
30
26
25
26
34
36
36
39
46
57
79
92
103
115
129
144
147
132
95
54
16
-4
-18
-27
-46
-74
-115
-155
-199
-239
-256
-256
-256
-256
-256
-256
-241
-218
-189
-168
-151
-132
-118
-105
-84
-75
-68
-64
-54
-43
-38
-35
-38
-33
-30
-20
-16
-15
-19
-13
-11
-4
-6
0
-1
-2
3
10
10
13
10
10
13
23
23
27
23
25
27
34
38
38
34
33
38
45
44
44
39
40
44
49
48
48
44
43
45
50
50
52
44
43
46
48
46
45
42
39
39
44
44
42
38
36
35
35
40
40
35
30
31
29
34
34
33
26
24
27
31
30
27
26
26
26
29
27
24
20
18
26
28
28
23
23
22
26
28
26
22
22
21
26
27
24
22
19
25
27
25
20
18
20
26
25
22
18
19
15
25
22
22
16
15
17
23
24
17
14
19
22
23
21
16
14
16
25
24
20
15
16
18
24
22
18
16
18
25
24
24
20
17
19
17
24
27
20
17
19
18
26
21
22
18
17
19
21
21
19
14
17
14
21
23
19
15
17
14
22
18
19
14
12
10
15
18
16
11
11
12
15
16
15
9
5
7
9
12
10
1
4
7
2
7
6
2
0
-5
-9
-2
-5
-8
-13
-15
-13
-15
-18
-26
-25
-29
-24
-27
-34
-40
-43
-43
-39
-45
-51
-58
-57
-60
-58
-60
-69
-69
-72
-69
-70
-70
-77
-80
-80
-75
-75
-78
-83
-81
-79
-73
-72
-74
-75
-73
-64
-58
-57
-56
-53
-49
-36
-34
-31
-30
-20
-15
3
5
5
14
25
40
51
58
65
75
84
98
109
119
121
128
139
149
156
164
165
166
171
182
183
184
184
179
179
176
177
174
165
157
154
147
147
139
133
122
116
108
109
103
95
82
77
70
73
66
60
49
49
40
46
44
39
31
26
28
29
28
25
18
18
15
20
21
21
14
12
10
15
17
18
13
10
10
15
15
16
10
9
7
17
14
13
10
10
12
18
17
13
13
13
16
19
17
12
12
14
20
19
17
14
13
16
22
21
15
15
13
21
20
20
12
12
14
20
21
21
14
14
15
22
20
18
16
13
21
20
17
14
17
13
19
18
19
13
13
16
20
18
17
13
14
16
22
20
20
14
15
15
20
21
21
14
14
16
23
24
23
16
17
17
19
22
24
20
16
15
15
21
24
20
14
14
16
18
20
19
13
14
13
21
17
19
15
15
12
23
21
21
16
17
18
21
22
22
13
15
13
21
20
17
13
10
8
18
16
13
6
6
7
12
8
3
3
3
8
10
10
6
3
6
10
13
7
5
7
7
10
13
9
6
7
13
13
11
7
8
7
16
15
15
8
12
13
22
20
22
20
19
26
30
30
26
28
28
31
31
31
26
27
29
37
37
32
31
29
26
36
36
35
25
26
28
32
31
29
24
24
23
28
29
28
21
21
20
30
37
41
48
62
76
97
116
124
122
114
85
52
20
-8
-24
-29
-45
-66
-100
-149
-193
-234
-256
-256
-256
-256
-256
-256
-248
-222
-194
-172
-154
-137
-122
-106
-82
-71
-66
-59
-49
-46
-32
-27
-24
-27
-21
-21
-10
-10
-7
-6
-6
1
4
5
2
5
5
13
16
15
15
12
15
23
24
24
17
17
23
27
28
20
24
25
27
34
27
24
24
23
29
32
29
23
23
29
31
31
26
25
27
33
34
34
28
27
26
35
35
35
30
27
27
34
34
26
27
26
26
33
30
33
29
27
26
32
32
28
24
23
22
31
29
28
22
24
24
30
29
26
20
19
20
26
27
26
22
22
19
28
26
24
20
21
21
23
27
25
19
18
23
25
24
28
17
21
19
23
28
26
23
18
18
19
24
24
21
20
19
17
26
23
19
17
18
24
26
23
16
16
17
24
23
22
15
18
18
22
23
17
13
12
19
21
17
13
16
15
22
18
16
14
13
12
19
20
20
14
11
16
20
19
17
16
13
20
21
16
13
12
15
19
20
16
14
12
11
17
15
9
7
8
14
15
11
9
4
4
7
11
9
3
0
1
4
2
-1
-6
-9
-11
-13
-8
-7
-14
-20
-21
-24
-16
-15
-22
-28
-31
-33
-27
-28
-31
-39
-38
-43
-36
-41
-42
-50
-51
-51
-50
-50
-53
-58
-58
-59
-53
-56
-55
-61
-59
-57
-54
-48
-53
-56
-56
-53
-41
-39
-36
-35
-35
-30
-20
-15
-14
-13
-11
-4
12
16
21
27
33
45
57
66
72
76
88
95
110
120
124
130
140
158
160
165
161
167
171
181
184
185
177
176
176
180
175
168
161
156
158
151
144
137
129
124
122
114
108
97
89
83
84
76
64
62
58
58
53
52
42
38
37
41
39
33
26
23
27
30
25
27
22
18
18
22
23
20
13
17
12
18
20
21
16
12
13
19
21
18
18
16
15
15
17
23
21
16
15
14
25
23
20
17
16
16
23
25
24
19
16
19
24
26
21
18
17
16
22
24
21
18
16
16
22
23
21
16
18
16
24
21
19
21
19
19
22
25
22
18
18
17
20
18
15
14
18
23
23
20
15
12
14
19
17
17
10
12
12
16
16
9
9
6
12
15
14
9
7
8
14
16
11
8
10
14
19
16
14
15
15
19
19
19
18
17
17
22
23
24
19
20
23
30
27
29
23
24
26
32
30
30
26
26
26
30
27
30
22
23
21
26
23
21
19
16
14
21
21
20
12
12
17
19
20
16
13
14
15
19
22
19
15
13
15
16
21
22
21
17
15
14
23
23
23
20
18
19
25
29
25
22
23
24
33
30
32
26
28
30
33
34
33
27
30
30
34
36
32
29
30
33
33
32
30
29
26
36
36
33
29
30
28
36
32
26
27
27
32
31
31
26
28
30
33
31
35
33
37
49
68
77
83
101
118
135
146
144
123
95
58
42
27
15
-3
-30
-70
-108
-159
-206
-238
-256
-256
-256
-256
-256
-256
-235
-211
-187
-167
-146
-133
-116
-100
-82
-73
-62
-58
-51
-46
-33
-27
-25
-28
-21
-18
-12
-9
-8
-9
-7
-3
4
6
7
4
1
3
11
12
10
10
9
9
18
19
19
11
12
13
19
23
20
19
19
17
22
26
26
25
19
21
20
32
24
28
24
21
23
31
27
22
19
24
29
29
28
21
21
21
30
28
28
23
22
26
28
30
22
21
21
26
29
28
22
20
23
28
26
25
23
23
20
29
25
21
21
22
23
25
25
20
17
19
25
26
22
19
20
17
27
26
17
15
19
24
23
21
16
18
15
24
25
21
18
17
16
19
19
19
14
18
13
18
19
21
17
12
12
13
18
20
16
12
14
14
18
17
19
13
14
9
18
16
14
12
10
9
16
17
17
12
11
15
17
17
14
11
11
11
13
16
16
9
10
9
17
14
14
9
7
8
16
16
12
9
9
10
12
11
13
10
7
9
15
13
7
4
2
10
11
7
0
2
2
8
5
4
-3
-6
-7
0
-1
-5
-12
-11
-10
-8
-11
-16
-15
-15
-14
-17
-15
-23
-27
-23
-21
-24
-27
-31
-34
-35
-29
-31
-37
-40
-43
-41
-39
-43
-52
-50
-54
-49
-51
-52
-59
-60
-60
-56
-54
-59
-61
-62
-59
-54
-52
-52
-57
-54
-54
-43
-43
-38
-39
-36
-33
-24
-19
-10
-16
-8
-3
7
19
25
28
33
40
55
67
75
80
85
96
104
121
127
134
135
142
153
165
167
171
167
174
175
180
183
179
175
170
168
170
166
159
147
145
137
138
132
122
113
105
100
100
96
85
73
70
63
67
61
53
48
43
45
41
39
30
28
27
29
30
23
19
17
17
25
23
13
15
15
21
19
18
12
14
15
19
19
20
13
12
14
21
18
16
16
15
20
21
19
14
14
16
23
21
18
15
18
15
25
21
21
16
15
20
26
25
24
17
18
20
25
23
24
22
23
21
27
25
27
20
19
18
25
25
25
17
16
16
19
23
21
16
9
10
9
11
7
0
-4
-5
-3
-7
-8
-18
-20
-22
-24
-17
-23
-26
-34
-39
-38
-34
-38
-42
-46
-47
-47
-44
-42
-43
-48
-48
-46
-39
-37
-37
-38
-35
-30
-23
-24
-25
-23
-20
-5
-5
0
-4
-1
3
11
13
19
13
18
18
28
30
21
29
29
36
37
38
34
32
35
43
41
42
36
37
38
43
43
41
38
41
42
45
43
38
41
42
49
47
45
40
43
43
48
48
45
42
40
45
49
45
42
43
43
47
47
45
42
40
42
38
43
44
43
36
37
36
44
40
41
34
32
36
43
40
38
35
37
33
40
40
38
34
39
36
41
42
40
35
36
35
43
43
40
35
36
35
41
40
40
34
34
35
35
43
39
35
36
35
36
48
50
57
64
77
92
111
126
133
143
137
126
95
53
19
4
-4
-11
-37
-75
-124
-174
-212
-240
-256
-256
-256
-256
-256
-256
-239
-216
-197
-172
-147
-128
-111
-102
-90
-77
-61
-52
-49
-44
-39
-26
-24
-20
-22
-22
-15
-6
-4
-4
-7
-5
0
5
6
9
4
4
11
16
14
10
9
12
18
20
18
12
12
15
22
22
21
12
17
17
20
26
22
17
14
14
16
23
24
23
18
18
16
27
26
26
22
21
21
31
30
31
26
25
25
33
32
28
21
23
25
26
29
30
23
23
24
32
30
29
21
25
22
29
26
29
22
18
21
22
26
27
23
19
21
21
24
27
18
19
20
24
28
24
19
17
19
25
22
20
19
19
19
25
22
18
19
18
25
27
21
14
17
17
23
25
20
17
16
17
21
20
21
15
16
19
21
19
14
13
16
25
20
17
17
12
11
20
19
17
12
11
11
17
18
10
11
12
16
19
19
13
8
13
19
20
18
14
10
13
11
16
17
15
11
12
9
15
15
15
7
11
10
18
13
14
9
6
5
13
11
10
2
4
3
9
8
4
3
-1
-3
3
0
-1
-7
-6
-7
-4
-7
-8
-13
-14
-14
-14
-8
-10
-14
-19
-20
-23
-19
-19
-25
-29
-32
-30
-28
-27
-36
-41
-39
-36
-36
-43
-47
-50
-51
-45
-51
-47
-53
-54
-56
-50
-55
-56
-61
-60
-55
-51
-51
-56
-54
-55
-43
-46
-39
-46
-38
-34
-28
-25
-23
-23
-19
-9
-3
0
3
8
16
32
37
43
45
57
68
82
89
95
103
110
122
132
140
142
149
154
165
172
173
167
174
172
180
179
180
170
169
165
161
164
158
145
138
130
129
126
120
108
101
93
90
89
84
74
69
59
57
60
54
50
39
39
36
40
37
33
27
26
25
28
26
25
21
19
17
24
24
22
19
19
18
24
21
23
18
18
16
22
25
27
19
16
20
23
23
25
24
21
21
29
26
27
20
20
23
26
28
22
24
22
27
25
24
23
19
17
25
24
22
18
20
17
23
21
16
14
19
24
22
21
18
17
16
23
21
19
14
15
16
18
14
5
6
3
3
1
-7
-8
-12
-17
-13
-20
-29
-37
-40
-40
-44
-49
-58
-60
-67
-71
-68
-72
-76
-83
-82
-80
-76
-73
-77
-77
-74
-70
-66
-64
-66
-63
-56
-48
-42
-38
-41
-36
-31
-21
-15
-10
-13
-8
-3
2
10
11
10
11
14
21
27
27
26
28
30
36
41
41
36
36
40
47
45
45
40
46
44
53
49
49
47
50
49
55
57
55
50
55
57
60
60
58
57
55
62
64
60
53
55
58
61
58
54
50
53
60
58
56
49
51
54
55
47
44
43
46
49
49
46
40
42
45
48
47
40
41
40
47
42
44
43
38
49
46
46
39
38
39
47
44
44
37
39
43
42
39
36
34
35
42
41
38
35
35
32
40
40
41
38
41
47
62
76
86
97
110
129
141
151
139
111
73
35
4
-12
-22
-33
-56
-91
-133
-178
-218
-256
-256
-256
-256
-256
-256
-255
-234
-214
-184
-165
-144
-133
-113
-99
-82
-72
-65
-57
-52
-44
-36
-31
-28
-26
-24
-19
-12
-8
-6
-7
-7
0
4
6
1
2
7
15
15
17
10
13
19
21
20
19
16
18
28
26
25
17
21
22
28
27
17
24
20
30
29
29
23
25
24
30
29
23
28
25
32
34
32
30
30
31
38
35
37
32
31
36
35
34
31
28
27
35
34
33
25
27
24
31
31
27
22
21
21
28
26
23
19
17
19
26
23
21
20
16
19
26
23
22
17
16
25
24
26
25
17
18
22
27
24
20
17
19
20
25
23
25
15
20
18
22
22
18
16
18
19
25
20
19
18
19
18
27
26
20
17
17
16
25
21
23
17
20
19
23
23
18
18
20
26
22
22
16
16
16
23
23
20
16
18
19
25
22
17
18
15
20
19
20
15
13
11
18
21
18
11
12
9
17
15
8
8
6
13
12
11
4
3
4
9
7
8
1
2
3
6
0
0
-2
-2
3
3
2
-5
-6
-3
-4
-1
-7
-12
-15
-13
-13
-13
-16
-24
-25
-26
-22
-20
-24
-31
-33
-36
-31
-32
-32
-38
-42
-44
-40
-41
-42
-52
-51
-55
-55
-53
-54
-56
-64
-64
-63
-56
-58
-59
-67
-66
-65
-57
-56
-55
-58
-57
-54
-42
-39
-41
-43
-39
-32
-23
-18
-17
-15
-11
-7
9
16
18
23
28
36
49
56
63
69
78
83
102
110
113
119
127
143
151
152
155
158
166
174
175
178
174
174
175
178
178
172
165
162
160
160
154
141
136
129
127
123
116
102
95
89
88
83
73
66
63
64
60
53
45
39
35
42
36
33
27
24
19
25
25
23
16
16
17
20
18
19
14
14
10
16
16
15
10
9
7
16
15
16
10
7
9
16
17
16
9
9
9
16
17
12
10
11
8
14
15
17
10
10
12
16
16
21
11
12
11
13
17
15
14
14
12
10
20
15
14
11
9
10
17
15
18
13
11
10
16
17
17
12
10
13
16
18
15
11
12
17
16
13
12
10
10
17
17
16
8
13
15
21
20
17
16
16
23
24
27
21
20
21
29
28
27
22
24
24
30
28
26
19
19
25
27
24
16
13
14
22
21
20
14
16
12
21
16
16
13
12
18
19
16
9
6
10
14
13
12
7
7
8
11
15
10
7
5
8
9
16
14
9
8
11
8
17
15
15
11
11
14
21
21
19
18
17
17
21
23
24
18
19
19
26
26
27
18
18
19
28
24
25
18
21
19
27
26
26
20
21
20
25
27
24
17
18
21
21
30
24
17
21
22
25
26
24
22
18
19
29
28
24
23
20
23
28
29
26
24
24
28
27
26
25
20
23
26
27
31
25
27
31
45
53
61
73
91
109
125
140
141
136
113
86
46
6
-15
-25
-30
-46
-77
-128
-175
-216
-242
-256
-256
-256
-256
-256
-256
-234
-215
-193
-173
-156
-129
-114
-102
-91
-83
-74
-56
-54
-46
-45
-46
-38
-29
-25
-22
-25
-25
-22
-10
-5
-4
-9
-4
-6
2
5
6
6
4
7
13
16
15
16
13
16
18
24
26
26
26
29
27
36
40
41
40
42
40
46
51
46
46
46
47
54
55
52
46
48
48
54
55
52
45
47
44
52
51
48
41
42
39
45
44
35
37
37
39
42
38
33
34
30
38
33
32
25
26
25
33
28
28
22
24
32
30
28
24
22
19
27
26
27
21
21
20
27
29
25
22
20
24
29
25
21
18
19
26
26
23
20
21
20
27
21
27
21
23
18
28
25
24
19
22
22
28
24
24
22
21
23
25
26
27
23
20
21
27
25
24
17
18
17
24
25
22
20
16
18
26
23
25
17
20
19
20
25
20
21
21
17
15
24
24
23
19
17
17
25
22
22
17
18
15
27
24
24
16
15
16
20
21
18
14
15
16
22
18
14
11
11
17
17
16
13
13
8
14
11
9
4
2
0
10
7
-2
-4
-7
-2
-4
-5
-11
-16
-19
-15
-16
-21
-29
-30
-29
-27
-32
-39
-40
-45
-39
-42
-43
-54
-56
-57
-55
-57
-57
-63
-68
-71
-66
-68
-72
-76
-74
-68
-66
-67
-76
-72
-69
-62
-60
-56
-58
-54
-51
-47
-32
-33
-28
-28
-20
-14
5
6
14
17
26
36
53
62
71
72
82
94
109
116
124
128
136
143
159
167
166
169
172
176
182
182
180
176
176
172
175
175
166
157
149
145
139
139
134
121
111
105
99
97
89
80
68
62
53
56
50
39
32
28
31
25
23
10
12
6
10
11
7
1
3
1
3
3
-1
-6
-2
1
5
2
-1
-3
-1
2
4
1
-3
0
-2
6
5
4
1
1
2
9
7
3
2
2
7
8
5
1
0
0
10
6
3
0
1
9
7
6
2
1
5
11
9
10
5
5
6
11
11
10
8
8
7
14
16
12
9
8
5
12
16
14
11
7
7
10
14
16
12
9
10
8
17
13
14
8
11
10
17
15
15
9
10
11
20
20
19
14
14
18
23
27
27
23
20
22
29
32
26
25
23
24
28
30
26
21
22
21
26
26
27
21
21
22
24
22
23
17
19
18
24
23
16
16
15
21
22
20
13
15
13
21
19
18
14
15
13
19
21
17
15
15
21
24
19
13
17
17
21
19
21
14
15
14
22
22
17
14
14
18
23
20
15
13
17
23
21
21
14
16
12
23
20
21
15
15
17
23
24
22
17
20
20
26
26
23
20
20
21
27
29
25
19
21
20
27
28
27
24
24
22
26
30
25
19
23
21
23
29
28
25
21
20
19
26
28
28
20
23
24
35
33
41
42
54
70
93
105
121
130
138
140
135
101
62
25
-6
-19
-36
-66
-111
-162
-208
-245
-256
-256
-256
-256
-256
-256
-256
-235
-217
-192
-172
-148
-128
-115
-104
-91
-78
-66
-58
-57
-54
-48
-37
-34
-32
-35
-31
-28
-17
-16
-13
-18
-13
-13
0
1
-2
-1
3
7
15
14
14
14
17
26
30
30
27
27
31
41
43
41
40
42
47
54
52
49
45
49
47
53
54
51
46
48
49
49
51
50
44
42
42
49
48
45
40
38
40
42
43
38
38
31
33
40
38
34
30
31
28
34
33
32
26
27
27
32
31
28
25
23
24
25
30
28
27
22
25
25
31
28
27
24
21
21
29
29
28
24
21
23
28
25
17
20
22
29
26
24
19
21
25
28
26
25
19
18
20
27
23
20
20
20
26
22
25
17
16
17
25
24
23
16
16
15
21
23
21
17
18
22
25
21
20
19
19
22
25
22
17
19
17
22
22
21
17
17
23
26
21
19
15
14
22
22
22
14
15
13
20
20
21
13
15
14
17
18
16
15
9
13
17
17
21
14
8
9
7
16
15
10
4
6
3
10
12
9
2
2
0
9
8
4
-1
-1
-7
1
3
-3
-12
-10
-15
-9
-11
-14
-22
-25
-30
-24
-25
-27
-36
-42
-50
-45
-41
-47
-57
-56
-61
-58
-63
-63
-71
-76
-78
-73
-77
-81
-87
-86
-87
-81
-85
-86
-92
-89
-83
-80
-78
-81
-79
-78
-68
-62
-56
-61
-54
-46
-36
-29
-23
-22
-15
-3
11
17
22
33
42
57
72
77
84
97
108
125
132
141
141
153
162
170
174
173
180
180
187
191
187
184
180
175
180
174
169
158
151
144
141
135
126
114
105
100
99
93
87
78
69
65
63
61
56
44
41
37
34
39
34
32
23
23
18
23
25
20
13
15
9
20
17
13
7
10
11
17
13
15
8
5
7
13
12
13
9
9
9
13
16
13
11
10
9
15
17
17
15
10
12
21
22
15
13
17
13
24
22
22
18
21
23
24
24
22
19
24
26
26
23
19
22
24
29
27
27
23
23
26
31
28
23
22
20
26
26
26
20
21
24
32
28
29
23
23
28
33
30
24
25
25
31
31
30
23
24
27
33
29
28
20
25
25
32
35
30
26
23
23
33
32
26
25
23
22
28
27
27
22
20
24
28
29
29
22
21
20
30
27
29
22
20
22
29
29
27
23
24
23
28
29
28
24
23
23
25
30
28
28
23
23
20
27
24
25
20
22
22
24
27
21
15
17
17
23
22
23
13
17
15
21
18
12
14
17
22
21
21
17
17
17
24
22
25
20
17
20
25
24
23
19
20
26
28
26
24
23
24
27
32
27
22
23
23
32
29
25
22
26
28
32
31
21
23
25
29
32
28
22
22
26
33
32
26
24
24
31
32
29
26
27
34
46
57
71
81
94
108
127
137
137
119
84
38
1
-13
-22
-32
-52
-82
-120
-160
-205
-239
-256
-256
-256
-256
-256
-256
-239
-215
-191
-165
-144
-127
-115
-99
-88
-74
-59
-58
-52
-47
-41
-33
-25
-24
-24
-23
-16
-10
-3
-5
-10
-6
-4
-1
9
9
7
6
8
12
17
17
11
13
17
25
23
23
20
22
21
28
29
27
26
23
28
34
32
27
29
28
33
32
33
29
30
30
33
35
33
26
27
28
37
31
30
28
25
33
33
31
28
28
25
33
32
27
22
24
27
30
28
25
21
24
28
27
28
20
22
20
26
27
24
23
23
23
29
27
27
22
23
20
30
29
26
21
19
21
25
26
23
18
18
20
24
25
26
20
19
19
20
23
24
21
18
17
16
26
25
23
19
18
18
26
22
26
15
17
17
23
26
21
17
20
19
21
24
23
17
20
16
26
26
23
18
17
16
23
19
20
15
13
16
21
23
21
13
14
20
20
15
18
17
13
20
20
22
13
15
13
21
21
16
13
10
14
15
16
13
11
12
16
16
16
5
9
10
15
12
12
8
2
6
12
9
9
3
2
3
3
3
-3
-4
-8
-1
-4
-8
-13
-9
-16
-9
-13
-14
-21
-20
-22
-18
-22
-22
-28
-30
-31
-26
-28
-33
-42
-47
-48
-45
-43
-47
-56
-57
-61
-54
-56
-60
-65
-68
-68
-62
-63
-63
-68
-68
-67
-61
-53
-52
-52
-57
-51
-46
-38
-33
-36
-35
-31
-23
-12
-7
-5
-4
6
11
25
31
37
45
51
63
75
85
95
97
108
114
133
137
145
147
151
158
170
174
175
173
178
182
185
183
178
172
169
172
170
162
150
144
138
137
132
121
109
106
103
102
92
83
76
72
70
68
60
50
48
47
48
43
40
33
32
34
35
31
23
21
19
28
24
23
20
17
16
25
21
20
16
14
19
20
19
14
14
13
15
18
18
16
11
13
12
21
17
18
13
10
12
18
20
16
14
13
15
20
20
17
12
12
12
21
21
16
14
13
14
18
16
16
16
13
9
20
17
17
12
16
14
19
18
19
15
14
16
14
23
23
22
15
17
17
24
20
21
16
13
17
23
23
16
17
17
23
26
21
17
14
14
21
18
19
13
15
17
21
19
17
13
13
20
18
17
15
12
12
19
19
17
13
10
16
18
16
20
13
14
18
24
21
12
17
16
20
22
19
18
17
15
21
22
19
17
14
19
20
20
14
12
13
18
21
18
15
10
11
18
16
17
11
8
9
16
18
14
13
9
10
11
16
13
15
14
11
12
16
15
16
15
11
15
18
19
21
14
18
20
22
24
25
19
20
19
29
29
28
23
22
26
32
33
30
25
27
29
32
32
31
27
27
27
35
35
30
32
27
28
29
33
29
27
25
24
30
31
33
25
26
25
34
30
31
27
28
39
47
55
66
79
94
117
133
137
134
117
88
54
15
-13
-23
-31
-42
-71
-113
-165
-207
-240
-256
-256
-256
-256
-256
-256
-243
-220
-203
-181
-160
-136
-117
-103
-93
-86
-70
-56
-50
-43
-44
-38
-32
-26
-20
-17
-17
-15
-15
-6
-4
-1
-6
-4
0
7
5
7
5
5
7
14
17
19
13
15
17
20
25
22
21
18
18
23
26
26
26
24
23
27
34
29
26
24
29
27
33
33
31
26
27
28
32
32
30
26
28
30
34
35
35
30
30
30
37
37
35
32
32
31
39
37
36
32
33
30
37
37
31
29
29
35
37
35
30
29
33
35
35
33
33
30
29
33
35
23
28
28
35
34
31
23
25
25
34
31
28
27
23
24
30
29
24
20
22
26
32
26
23
23
25
26
27
24
19
18
21
23
21
24
16
18
21
24
24
19
16
18
16
21
19
19
17
15
15
20
15
19
12
15
13
18
19
17
14
9
11
16
18
16
9
9
8
13
15
12
7
7
6
13
13
12
8
9
2
4
12
11
8
4
5
7
13
8
9
0
5
3
8
8
6
1
-2
-1
5
4
-1
-5
-6
-8
-2
-7
-10
-14
-12
-11
-10
-12
-20
-22
-22
-16
-18
-20
-25
-27
-31
-25
-27
-27
-37
-37
-32
-31
-35
-40
-43
-47
-43
-43
-47
-55
-57
-55
-52
-54
-55
-62
-67
-61
-61
-62
-66
-69
-66
-61
-62
-63
-64
-62
-60
-50
-50
-51
-53
-47
-37
-34
-30
-33
-30
-23
-10
-6
2
6
7
15
25
40
46
51
56
69
76
91
99
105
112
121
130
138
149
157
157
163
166
176
177
179
174
176
173
176
174
170
161
157
153
153
146
138
130
125
118
116
111
105
89
84
81
76
76
70
62
57
53
51
52
52
45
37
36
36
42
38
36
31
27
28
33
27
24
24
20
28
27
22
19
18
17
25
21
22
14
14
18
23
20
14
12
9
18
19
17
10
11
8
13
15
11
8
5
4
10
11
3
3
5
7
10
7
1
3
0
7
5
5
1
1
0
7
8
2
1
1
8
9
9
3
1
1
8
10
11
7
3
0
7
5
6
-3
-7
-10
-12
-12
-13
-20
-25
-33
-38
-32
-38
-44
-54
-54
-59
-55
-60
-66
-67
-72
-69
-63
-64
-65
-66
-64
-62
-52
-47
-45
-47
-41
-40
-29
-22
-19
-17
-12
-9
4
5
9
10
12
16
24
33
37
37
34
39
43
51
51
45
51
48
56
62
55
54
54
54
62
58
63
56
51
57
60
57
58
52
53
57
57
54
49
54
49
55
56
53
51
50
52
55
53
52
50
49
55
56
55
49
49
50
54
52
54
47
45
46
53
53
48
46
45
46
51
50
45
46
42
50
44
49
43
40
42
45
46
45
40
43
39
46
43
42
40
40
37
42
47
43
44
38
38
38
45
44
41
36
38
40
41
39
40
34
36
36
41
42
43
43
48
63
78
93
108
116
132
140
146
132
102
56
19
-11
-18
-25
-36
-68
-112
-156
-196
-233
-256
-256
-256
-256
-256
-256
-243
-222
-201
-182
-156
-135
-116
-107
-88
-77
-60
-54
-48
-45
-37
-28
-22
-20
-18
-15
-12
-5
-2
-1
-3
0
0
12
8
9
9
7
11
18
19
12
14
16
20
22
23
14
16
17
24
21
20
21
21
21
28
28
20
22
22
28
29
25
24
19
24
30
25
31
24
21
23
32
32
28
22
23
24
34
30
28
25
24
27
33
30
31
26
25
23
29
30
29
21
24
19
22
26
25
25
17
20
17
24
25
19
18
17
17
24
21
21
17
13
15
21
17
17
15
14
16
21
20
20
13
13
12
19
20
21
13
15
12
21
18
16
13
15
15
21
21
19
17
15
17
23
22
15
13
16
20
22
19
13
13
17
20
19
22
17
18
15
26
18
20
19
18
24
25
25
18
16
22
24
24
22
19
18
20
26
24
22
19
17
23
24
22
19
16
17
24
22
21
18
18
18
25
19
21
16
14
13
22
21
16
11
10
8
14
14
15
8
5
8
11
9
9
4
0
2
8
4
1
-2
-5
-7
-1
0
-2
-10
-13
-12
-12
-9
-12
-15
-21
-21
-23
-17
-20
-24
-32
-32
-30
-26
-32
-32
-41
-43
-42
-38
-45
-44
-53
-52
-54
-51
-51
-53
-60
-61
-59
-51
-54
-55
-56
-59
-55
-48
-45
-48
-49
-49
-36
-31
-30
-32
-25
-24
-12
-4
-3
-2
5
9
24
32
35
41
45
65
74
77
84
93
102
114
126
130
129
139
147
160
164
165
165
168
171
176
175
168
169
166
167
164
159
150
143
139
143
132
124
116
110
105
100
96
90
76
71
66
69
64
58
47
46
38
43
37
34
25
23
23
28
25
18
20
16
15
18
18
15
11
12
13
16
17
16
11
14
14
19
19
19
16
14
14
15
21
20
22
19
19
18
26
27
24
18
17
19
24
27
25
18
16
17
21
20
19
14
16
13
22
19
17
10
15
15
21
17
11
9
12
19
17
17
11
11
13
18
17
14
7
9
5
13
11
4
2
-1
3
-2
-4
-10
-14
-15
-13
-17
-20
-32
-33
-37
-30
-37
-42
-49
-52
-53
-50
-55
-61
-67
-67
-64
-61
-67
-70
-66
-67
-58
-58
-54
-56
-52
-47
-33
-27
-24
-23
-15
-12
-4
-1
9
6
13
17
27
34
34
30
31
36
47
49
50
45
47
53
57
64
61
58
55
63
64
65
65
59
62
63
67
68
65
65
59
63
61
67
66
68
61
60
58
67
64
63
57
57
59
65
63
60
58
54
56
63
60
58
51
52
53
56
55
56
48
48
53
56
53
44
47
46
48
47
46
43
38
42
43
45
44
35
34
39
41
39
35
34
32
38
38
36
34
32
32
38
39
36
34
35
33
40
33
33
31
31
34
37
38
33
32
32
40
44
50
54
69
80
103
117
131
135
139
121
101
58
16
-12
-29
-34
-37
-68
-107
-157
-202
-238
-256
-256
-256
-256
-256
-256
-248
-229
-202
-187
-166
-146
-122
-105
-89
-84
-72
-63
-48
-42
-37
-35
-32
-29
-22
-13
-13
-16
-11
-9
0
-1
2
0
1
3
5
13
13
12
6
9
9
16
19
14
12
11
11
19
17
20
13
13
16
21
20
14
13
17
22
22
19
14
15
20
23
25
26
20
22
19
30
26
26
24
22
30
28
26
24
26
26
32
33
31
23
24
23
31
29
28
22
25
28
30
26
21
22
24
29
26
26
22
20
22
28
24
23
20
21
21
23
26
22
19
18
23
26
26
23
18
19
20
26
24
19
17
17
16
24
22
24
18
20
15
25
22
20
19
18
18
25
25
23
19
16
14
23
21
23
18
17
15
25
25
22
17
17
16
20
24
22
15
17
16
15
20
18
17
15
16
12
21
20
20
11
11
10
17
17
18
12
12
14
17
14
9
9
8
15
15
13
6
8
7
12
12
12
4
6
5
12
11
3
3
5
9
11
9
4
0
3
7
9
5
-2
0
-3
2
2
-8
-6
-4
1
-1
-5
-7
-13
-10
-10
-11
-14
-20
-23
-26
-17
-21
-26
-29
-30
-29
-25
-30
-35
-37
-39
-36
-38
-37
-47
-44
-50
-48
-44
-48
-53
-57
-57
-61
-53
-54
-55
-59
-60
-57
-52
-55
-53
-54
-52
-52
-41
-38
-38
-38
-38
-30
-22
-16
-12
-13
-4
0
8
21
26
25
34
37
51
64
71
76
83
92
99
115
120
128
131
137
147
156
164
167
163
165
171
178
180
175
170
169
167
168
167
154
149
144
143
135
132
123
112
109
108
102
91
81
74
68
73
65
54
50
47
46
45
43
30
30
27
30
28
25
23
18
18
22
22
15
11
12
20
20
17
13
8
10
17
18
15
8
9
10
17
15
11
8
8
15
18
15
12
11
12
12
20
18
16
12
14
14
19
17
18
13
13
14
23
21
19
17
15
13
22
20
22
17
16
15
23
17
19
17
15
15
22
20
21
14
17
13
20
23
19
12
13
12
18
20
22
15
17
12
15
19
20
20
15
12
14
19
19
16
13
13
15
21
18
17
16
17
22
24
21
19
19
17
24
25
26
25
24
21
31
27
27
23
20
26
27
27
20
23
25
27
26
25
21
21
20
25
25
21
15
17
21
21
19
15
14
17
21
18
20
14
11
11
17
21
16
11
10
14
14
19
11
11
11
14
17
16
11
9
11
18
19
17
18
19
13
17
20
20
19
18
18
17
26
24
26
21
21
17
24
26
25
20
18
17
24
27
22
18
21
19
23
24
21
19
17
17
24
25
26
20
18
17
24
23
22
19
20
19
22
28
26
21
19
20
22
28
25
23
22
22
21
26
25
22
22
21
26
30
40
36
45
58
81
96
110
119
132
134
137
108
64
24
-7
-15
-20
-34
-61
-100
-143
-184
-220
-254
-256
-256
-256
-256
-256
-254
-233
-214
-188
-166
-146
-137
-121
-108
-87
-79
-74
-69
-63
-57
-48
-42
-40
-42
-35
-30
-22
-21
-21
-16
-15
-8
-6
0
-4
-2
-2
4
8
9
3
8
5
8
18
18
16
13
15
14
22
24
26
24
25
28
35
36
38
35
37
35
45
44
47
42
45
43
51
53
49
43
44
45
53
53
48
44
43
46
51
47
48
40
39
41
45
44
40
37
34
34
34
40
37
35
29
27
33
36
33
28
26
25
33
31
29
23
25
26
31
29
25
21
22
24
29
27
22
25
21
30
28
28
24
21
22
28
28
27
24
21
25
29
28
19
18
22
27
28
27
20
22
22
27
26
29
19
19
20
27
25
26
18
19
26
25
25
20
18
21
26
22
25
22
20
21
24
26
25
20
17
16
17
23
21
20
14
19
17
22
24
18
14
11
13
21
18
18
15
11
15
20
18
19
15
13
15
18
21
17
12
12
13
18
19
15
12
11
10
13
17
16
11
10
6
4
11
9
4
4
3
0
8
5
-1
-8
-4
-3
-4
-7
-13
-18
-20
-15
-24
-25
-28
-35
-35
-28
-33
-39
-43
-48
-46
-47
-50
-55
-61
-58
-57
-57
-60
-65
-69
-68
-63
-64
-69
-76
-71
-71
-65
-70
-73
-69
-71
-59
-60
-59
-61
-57
-55
-44
-38
-35
-34
-33
-25
-13
-6
-4
7
17
27
39
45
49
56
67
83
94
99
103
116
122
134
143
152
154
157
166
169
178
180
180
176
178
176
181
178
173
164
160
157
155
150
142
130
123
120
115
108
103
88
81
73
74
70
63
53
47
43
41
39
34
25
21
18
23
22
19
13
10
6
16
13
14
13
8
9
11
18
14
9
7
8
14
17
18
11
13
9
16
12
16
12
14
15
22
21
12
12
15
18
21
15
12
13
11
20
20
19
15
12
12
18
16
17
12
16
17
22
22
14
16
14
19
24
19
16
12
13
22
20
19
16
18
19
26
22
17
19
16
22
21
20
17
15
15
22
21
20
14
17
15
21
20
18
16
16
18
20
22
23
15
15
20
17
24
23
24
22
19
20
26
29
25
23
21
20
28
23
23
21
16
19
27
23
21
17
16
16
25
23
23
16
19
16
24
24
25
17
19
16
23
23
22
17
15
19
23
23
20
16
18
14
22
24
23
18
20
18
22
25
22
19
20
24
26
23
19
20
20
23
24
21
17
18
16
21
22
21
12
13
17
25
23
16
16
19
23
23
24
18
17
18
24
23
20
18
16
18
26
25
16
20
19
22
23
21
15
18
17
24
21
22
21
19
18
26
23
24
20
20
17
24
24
24
17
17
18
24
26
24
19
20
23
24
28
25
25
25
28
37
54
68
77
89
104
122
141
144
137
111
78
37
10
-6
-17
-27
-46
-84
-125
-171
-214
-252
-256
-256
-256
-256
-256
-256
-247
-223
-197
-174
-156
-142
-124
-110
-92
-78
-72
-69
-66
-57
-46
-44
-43
-43
-39
-34
-22
-22
-22
-22
-18
-10
-8
-3
-8
-4
0
8
8
12
6
9
10
18
21
23
18
21
28
32
34
33
32
37
45
42
45
41
41
42
52
52
49
45
49
53
54
52
48
48
46
50
51
46
44
40
38
45
43
40
34
34
34
41
40
36
30
30
29
34
33
31
26
25
25
31
34
32
25
23
22
31
30
26
22
22
26
24
31
27
30
25
25
23
30
29
27
23
21
25
32
30
27
24
22
22
27
26
25
23
19
21
25
25
26
20
19
20
29
23
21
17
17
20
24
25
23
20
17
19
24
22
23
21
18
21
24
21
17
16
13
23
23
22
19
20
18
22
23
23
17
16
22
26
23
18
18
17
22
23
26
19
17
15
21
21
16
15
16
14
20
22
14
15
15
21
20
17
11
13
12
19
16
15
11
9
13
17
14
15
11
7
6
13
17
12
6
5
6
7
8
5
2
-3
-2
0
6
-4
-8
-10
-11
-7
-5
-7
-13
-19
-21
-17
-19
-21
-25
-32
-31
-33
-32
-36
-42
-43
-49
-52
-47
-48
-56
-59
-65
-66
-58
-63
-67
-71
-77
-76
-71
-75
-72
-79
-81
-78
-74
-73
-70
-74
-69
-69
-59
-56
-54
-54
-51
-42
-32
-31
-27
-19
-16
-1
9
17
21
30
40
55
64
74
77
90
101
118
124
133
137
144
158
165
169
172
174
180
187
190
189
181
181
179
185
182
173
164
162
152
152
146
132
125
119
119
111
100
88
82
75
74
69
62
47
45
39
40
37
30
25
21
17
24
22
14
9
9
5
13
16
12
9
6
5
13
14
11
11
5
6
11
13
10
3
9
6
13
14
13
7
8
6
8
16
16
15
9
10
10
17
20
13
14
10
12
20
21
15
11
12
13
21
21
20
16
16
13
18
21
19
17
13
15
20
23
21
12
14
14
24
18
14
14
15
18
21
15
16
13
12
17
16
14
13
10
12
19
17
10
10
9
16
19
17
11
11
12
18
17
17
12
16
11
19
16
11
12
11
17
16
15
12
15
12
18
15
15
11
10
10
18
12
11
9
8
7
15
16
13
12
9
13
20
18
16
13
17
11
23
23
20
19
19
16
25
23
21
17
19
20
26
25
22
17
19
16
24
26
21
15
14
17
18
20
19
16
11
12
15
20
20
16
9
12
10
16
14
12
10
9
11
16
13
15
10
12
9
16
18
18
12
17
13
20
19
16
17
15
22
24
20
17
16
18
26
23
22
21
19
22
28
26
23
22
25
28
32
31
28
26
28
33
33
32
29
28
30
38
37
36
31
28
38
41
45
50
62
76
98
110
124
131
141
140
127
91
50
10
-5
-9
-15
-37
-78
-122
-171
-203
-235
-256
-256
-256
-256
-256
-249
-229
-208
-188
-170
-148
-123
-107
-92
-84
-73
-64
-51
-44
-39
-37
-34
-29
-22
-16
-13
-18
-15
-12
-5
-1
4
0
-3
0
12
11
14
11
12
13
21
21
19
16
20
24
27
30
29
28
27
27
27
34
33
32
30
32
30
40
38
32
33
32
38
38
39
34
30
34
39
40
38
30
31
29
36
35
32
29
29
33
37
35
25
27
29
34
36
31
26
24
27
30
29
29
25
27
30
31
31
24
20
21
29
28
28
24
20
24
27
26
26
20
18
28
27
27
21
18
17
26
28
24
18
17
18
24
26
27
19
20
17
26
26
22
20
18
17
23
23
24
16
15
19
16
23
22
19
15
18
20
23
23
23
14
19
18
26
24
22
17
19
15
25
24
20
17
16
19
23
21
22
18
17
17
21
24
21
17
17
17
22
23
20
17
17
13
19
21
22
17
15
17
21
20
16
11
13
13
17
15
16
8
6
15
13
12
6
7
7
11
8
8
4
1
3
9
7
5
-1
-3
-8
0
-4
-11
-9
-15
-5
-11
-13
-19
-17
-20
-18
-19
-22
-33
-31
-32
-27
-30
-39
-41
-44
-38
-41
-42
-49
-55
-55
-48
-53
-57
-60
-64
-67
-61
-62
-67
-74
-73
-74
-68
-66
-65
-68
-73
-71
-61
-59
-56
-57
-59
-57
-48
-42
-37
-40
-33
-29
-26
-12
-10
-4
3
8
15
33
41
49
54
64
72
91
100
111
111
121
128
142
153
155
159
165
168
179
183
180
178
174
176
178
176
170
161
156
153
151
147
138
127
122
112
111
103
94
88
83
78
77
70
61
51
48
52
45
40
36
31
26
33
28
25
21
20
17
21
18
15
12
11
17
18
17
11
13
10
14
14
12
11
12
12
17
19
11
11
14
15
15
15
10
10
9
20
16
17
15
15
12
21
20
19
17
16
16
23
20
20
16
15
15
23
21
19
13
14
16
19
19
18
12
14
11
16
19
19
13
14
15
23
19
17
13
17
13
17
24
20
15
15
17
18
25
23
22
21
20
19
24
29
25
21
19
22
26
28
26
19
19
23
30
25
26
22
20
20
30
24
24
16
17
18
23
22
16
17
18
25
25
23
19
21
19
27
23
24
22
20
19
27
28
19
23
19
26
26
25
23
19
19
26
27
24
24
19
17
25
23
16
17
16
23
19
18
15
12
13
20
16
15
10
10
10
16
14
14
13
14
17
20
16
11
10
11
13
17
17
16
11
11
12
20
20
23
18
18
21
25
27
28
23
24
25
34
31
34
27
25
29
36
34
34
28
27
27
35
33
35
31
27
26
34
37
34
26
27
27
34
33
34
25
25
26
27
31
27
27
25
27
24
36
42
47
57
68
86
105
118
128
139
134
121
89
45
7
-16
-25
-26
-49
-84
-128
-176
-218
-240
-256
-256
-256
-256
-256
-250
-228
-212
-188
-167
-140
-123
-109
-94
-82
-70
-55
-47
-49
-41
-37
-26
-22
-18
-21
-20
-13
-7
-4
-1
-5
-4
-3
7
6
7
1
6
13
14
15
11
14
14
20
20
18
13
13
19
22
22
24
22
20
19
27
28
25
26
23
23
28
34
30
33
27
26
27
33
34
32
28
28
30
35
36
35
27
27
29
34
33
31
28
29
30
35
32
34
29
29
27
32
32
29
26
24
26
30
33
30
24
26
22
26
29
28
22
21
23
29
26
26
25
21
20
30
27
27
19
20
20
25
24
18
20
20
27
22
21
17
20
16
23
21
20
16
18
16
28
24
15
16
17
25
25
22
18
17
16
22
22
22
16
21
17
23
23
21
17
18
24
26
24
18
16
19
24
24
20
15
15
14
25
24
20
17
13
18
24
23
21
13
13
15
21
21
20
13
16
13
18
21
20
16
16
14
17
20
21
14
15
12
16
18
17
14
8
9
11
17
15
13
9
5
4
10
9
6
4
0
2
4
3
0
-3
-5
-9
-3
-7
-9
-13
-14
-15
-10
-16
-17
-24
-26
-29
-24
-27
-27
-37
-38
-37
-31
-36
-44
-45
-46
-45
-45
-46
-52
-55
-56
-50
-49
-56
-61
-61
-59
-54
-56
-61
-58
-59
-53
-49
-45
-52
-48
-44
-35
-33
-29
-34
-29
-20
-11
-6
-4
0
5
20
29
33
37
43
53
71
79
89
93
100
109
123
132
136
142
147
152
166
168
170
169
173
173
180
183
177
172
169
166
171
163
155
145
142
135
133
131
122
113
105
96
97
94
86
77
67
62
65
60
55
49
45
41
44
39
38
32
31
28
28
30
29
24
19
22
18
27
26
23
20
18
20
28
26
29
24
23
23
34
31
32
29
26
25
35
33
25
30
30
33
36
34
33
31
30
38
38
35
30
33
32
39
37
32
30
33
36
37
37
30
28
26
36
36
34
26
28
25
32
27
24
21
22
27
30
27
19
18
21
26
26
24
17
18
15
22
20
17
12
10
12
15
8
-1
-5
-5
-5
-3
-7
-14
-16
-17
-18
-13
-14
-18
-18
-20
-18
-8
-11
-5
-8
-8
-4
4
7
9
7
8
12
18
21
21
16
19
19
31
30
29
25
25
29
36
35
36
28
29
29
37
35
36
29
30
30
34
35
32
27
23
24
23
31
30
29
23
25
22
28
27
24
22
22
28
29
30
22
25
23
32
30
29
27
26
28
34
32
27
27
26
36
36
32
28
31
26
34
37
35
29
30
30
39
35
35
31
34
36
35
35
33
30
33
36
36
37
29
29
28
38
37
37
30
32
37
37
33
28
29
32
35
33
33
30
24
29
33
29
33
24
21
25
29
32
30
23
25
27
35
39
43
48
61
79
92
111
124
136
128
115
85
49
11
-13
-26
-34
-49
-77
-120
-163
-214
-248
-256
-256
-256
-256
-256
-256
-256
-233
-207
-182
-171
-151
-134
-112
-99
-84
-81
-71
-66
-51
-46
-41
-42
-38
-34
-24
-21
-18
-21
-20
-17
-8
-8
-8
-12
-10
-7
-1
-2
1
-3
-3
5
6
3
2
1
5
10
9
11
5
6
7
15
13
14
7
7
12
15
17
12
13
11
17
20
19
14
16
13
22
23
20
18
14
18
26
23
16
20
17
27
27
24
20
20
20
25
23
23
22
17
20
28
25
24
18
20
18
26
27
23
20
16
19
25
25
26
21
19
16
24
27
26
19
17
20
23
26
25
22
17
16
18
25
23
21
15
19
17
25
23
22
16
15
17
26
23
22
19
16
19
24
23
22
17
17
17
25
22
22
18
16
15
22
22
20
14
14
14
22
20
16
14
15
10
17
17
11
13
11
15
18
14
13
8
10
18
17
15
11
12
13
19
17
13
12
11
18
19
16
11
12
11
17
17
16
9
13
12
16
11
12
7
7
13
13
14
9
5
4
13
13
9
3
-2
0
11
5
1
-6
-5
-4
0
-2
