35
29
29
21
23
27
31
26
23
21
21
27
28
26
25
23
25
29
27
24
23
23
30
28
30
18
22
23
28
29
26
23
21
29
29
25
21
20
22
26
28
27
19
19
21
26
26
19
18
19
27
26
24
19
20
21
26
25
24
19
19
19
25
23
22
19
18
19
23
24
24
17
14
16
23
20
22
16
15
15
23
23
20
15
14
14
20
18
16
13
13
12
17
18
13
7
9
7
13
11
11
4
2
2
10
10
4
0
-2
-3
4
4
0
-8
-8
-10
-6
-7
-11
-16
-16
-19
-14
-17
-19
-26
-26
-29
-25
-28
-33
-37
-40
-36
-38
-43
-50
-52
-52
-49
-50
-56
-60
-61
-62
-61
-61
-70
-71
-70
-65
-64
-65
-70
-69
-70
-62
-61
-61
-62
-56
-48
-42
-40
-43
-37
-31
-20
-15
-12
-8
-4
5
20
25
27
36
43
60
71
77
84
92
101
116
123
131
135
141
149
160
165
170
171
174
175
184
180
180
173
172
170
172
167
161
152
146
140
140
132
126
112
108
97
100
94
84
73
69
64
64
60
52
43
39
37
40
34
29
25
24
21
26
22
22
15
15
15
20
18
15
11
11
8
15
15
13
7
8
10
15
16
13
9
11
10
18
19
13
10
10
19
17
17
11
12
13
20
21
17
11
11
12
20
19
17
14
14
21
18
17
12
15
12
22
20
17
12
14
18
20
17
14
13
11
18
19
17
14
13
12
17
20
13
12
14
17
18
17
13
14
12
21
18
15
10
9
10
16
13
13
8
10
9
18
18
16
13
12
13
24
20
23
21
20
19
27
29
29
23
22
25
32
30
28
25
24
25
27
26
26
20
16
19
23
22
22
15
14
16
21
21
21
13
11
10
20
19
17
10
9
11
16
17
14
8
7
8
15
13
11
7
6
7
15
16
13
9
12
11
17
20
18
14
16
17
20
22
14
17
19
22
24
20
18
17
17
25
19
21
17
16
24
22
23
17
18
18
24
24
23
17
21
19
28
27
21
20
20
26
26
23
18
22
20
28
24
26
19
17
29
27
24
19
19
21
25
27
25
20
22
20
26
27
27
22
19
21
28
29
28
24
23
25
38
42
50
59
72
87
106
124
137
140
137
119
92
50
13
-14
-21
-31
-39
-70
-115
-167
-209
-245
-256
-256
-256
-256
-256
-256
-243
-221
-198
-182
-161
-144
-121
-104
-93
-90
-77
-71
-56
-48
-47
-48
-41
-41
-30
-24
-21
-25
-23
-19
-11
-8
-6
-9
-5
-3
8
4
5
3
7
15
15
17
15
17
20
29
29
31
26
31
34
39
42
37
38
40
49
49
50
48
47
48
56
55
55
49
51
56
59
55
49
46
50
54
53
53
46
46
44
50
47
39
40
38
44
44
40
36
35
33
37
38
37
31
28
29
30
32
31
25
23
28
30
29
30
26
24
22
26
32
27
25
24
24
24
28
28
25
18
22
22
30
29
29
22
23
22
28
29
28
22
24
20
27
27
26
22
21
22
28
27
24
21
22
20
25
25
23
20
22
23
26
28
18
20
19
25
26
25
19
19
19
27
26
26
20
18
26
25
23
19
20
19
23
18
19
16
16
15
21
19
17
12
13
18
19
19
12
11
13
19
16
13
11
9
11
17
14
12
11
9
15
17
13
8
8
9
15
14
12
6
5
11
12
9
2
1
4
6
8
4
1
-2
-4
-2
2
-4
-10
-9
-13
-12
-12
-14
-18
-20
-21
-22
-23
-25
-36
-35
-37
-39
-34
-39
-46
-51
-54
-54
-52
-56
-61
-65
-67
-69
-64
-65
-69
-73
-74
-76
-70
-71
-71
-79
-76
-73
-67
-65
-65
-67
-61
-58
-47
-43
-38
-39
-31
-26
-13
-10
-3
0
9
21
32
41
45
54
57
79
87
97
102
110
121
136
143
144
150
157
168
175
178
175
177
181
188
186
183
178
173
176
175
166
160
153
146
143
136
127
117
108
100
100
92
77
71
65
62
56
52
40
37
29
31
28
23
14
11
14
12
13
1
0
-2
4
2
1
-2
-4
-3
1
3
1
-4
-3
-3
-4
2
2
3
1
-2
3
7
9
4
2
0
3
8
12
7
5
4
5
13
11
13
9
9
9
17
13
14
9
12
9
17
17
14
11
10
12
16
17
15
10
13
9
15
17
17
9
11
12
16
17
15
11
11
15
18
17
14
12
11
16
17
16
11
12
13
19
16
14
9
10
18
16
13
8
10
10
20
16
16
12
11
12
20
19
14
13
16
25
23
23
19
20
21
30
29
30
25
29
33
35
37
29
32
33
39
35
36
33
31
30
37
36
34
31
27
27
33
32
32
24
24
24
29
27
29
22
21
20
27
27
23
17
20
20
25
24
22
19
20
21
27
25
23
21
20
18
26
23
25
19
20
19
27
25
25
20
19
19
27
24
25
20
20
19
23
26
23
19
18
18
26
27
24
22
20
21
25
27
29
23
25
23
31
31
29
24
25
31
32
34
26
27
28
33
32
30
29
28
28
32
31
26
28
29
32
34
34
26
26
29
33
35
31
30
29
37
45
55
60
74
89
112
125
136
141
140
126
101
58
12
-13
-23
-25
-42
-73
-122
-167
-208
-236
-256
-256
-256
-256
-256
-255
-234
-213
-194
-174
-152
-128
-111
-101
-90
-79
-70
-56
-50
-45
-44
-39
-34
-25
-23
-23
-22
-20
-17
-9
-6
-4
-8
-5
-2
6
10
11
8
8
10
20
19
24
18
21
25
30
32
35
29
31
32
39
42
41
38
41
42
48
49
47
44
45
46
50
51
51
43
46
45
50
51
47
40
41
46
45
41
38
36
39
43
40
40
35
32
31
37
37
32
30
27
31
33
33
26
27
26
33
31
30
25
25
24
31
27
23
26
23
28
29
26
20
21
21
29
29
26
23
21
27
28
26
21
20
20
26
28
25
21
20
23
24
24
23
17
18
16
24
26
23
17
17
18
23
22
22
18
16
16
22
24
20
17
16
15
25
24
23
18
16
18
25
22
25
17
18
16
24
26
24
19
18
16
25
22
22
19
18
19
25
27
21
18
17
17
24
22
21
15
15
14
22
23
19
14
13
13
19
18
17
10
13
12
17
17
11
9
7
14
16
16
9
5
7
13
7
8
4
1
6
7
3
-1
-1
-4
0
-3
-7
-14
-15
-14
-11
-15
-22
-24
-27
-23
-25
-28
-38
-40
-43
-40
-45
-46
-52
-55
-54
-56
-58
-67
-67
-71
-65
-68
-72
-78
-78
-79
-73
-75
-78
-80
-81
-83
-74
-72
-74
-77
-73
-73
-63
-58
-55
-59
-54
-50
-39
-35
-30
-29
-24
-14
0
4
12
15
27
36
48
62
71
73
85
94
108
118
127
129
138
145
159
166
169
171
172
178
185
184
184
181
179
176
177
172
169
158
154
147
147
142
132
121
114
109
106
100
93
83
77
72
71
67
59
50
48
48
45
41
33
28
27
32
32
27
22
18
18
23
22
14
15
16
18
21
16
8
12
11
15
17
15
10
8
15
16
14
11
8
8
18
15
15
11
12
9
19
16
13
12
13
19
21
20
15
14
13
22
21
21
14
14
12
20
18
17
15
14
14
20
18
17
15
15
16
25
22
18
14
16
14
22
20
22
16
15
12
21
21
18
16
16
14
20
20
20
14
16
14
20
20
18
17
16
15
19
22
18
16
14
15
21
23
19
18
17
16
22
24
24
18
17
17
22
22
23
15
14
14
23
20
19
15
16
13
18
21
14
16
15
19
21
21
15
14
17
21
21
20
17
15
21
23
20
15
15
15
18
16
17
10
12
10
15
11
9
6
7
10
13
10
5
4
6
10
10
7
7
6
5
11
12
7
7
7
12
12
10
5
7
7
11
11
13
7
10
10
14
18
18
12
16
17
22
23
23
21
20
24
31
33
29
24
27
27
31
32
30
27
27
28
34
34
34
29
29
26
35
34
30
25
25
23
29
30
28
21
24
22
24
29
26
28
28
36
50
67
84
93
106
121
128
122
92
50
8
-16
-23
-27
-38
-70
-105
-153
-190
-230
-256
-256
-256
-256
-256
-256
-247
-224
-202
-172
-152
-134
-118
-105
-89
-68
-60
-60
-52
-45
-33
-27
-24
-28
-23
-20
-11
-7
-5
-7
-2
-1
4
4
3
5
7
17
17
16
16
15
19
24
22
17
19
20
24
29
26
23
23
22
30
32
27
26
24
26
29
30
32
28
25
26
29
32
33
28
27
26
32
34
33
30
30
30
33
35
30
30
30
30
33
36
33
29
26
29
26
32
34
30
25
24
26
31
30
28
28
25
24
31
28
29
23
21
20
26
27
26
22
20
20
29
25
23
17
21
27
26
29
20
21
22
24
28
24
23
20
20
27
25
18
18
22
25
26
26
19
21
21
24
24
22
20
22
22
27
23
20
19
18
25
25
20
17
17
18
25
21
22
18
16
23
23
22
15
14
16
23
22
19
16
14
17
25
22
16
12
13
20
17
17
16
13
12
18
23
20
13
13
14
20
23
20
19
13
15
14
20
22
13
13
13
11
19
17
12
9
7
11
13
13
10
7
7
5
8
10
4
0
-2
-3
1
0
-1
-6
-10
-14
-8
-12
-10
-20
-18
-21
-17
-18
-24
-27
-32
-32
-26
-28
-31
-40
-40
-42
-39
-42
-48
-48
-52
-48
-50
-51
-57
-61
-61
-55
-53
-59
-66
-63
-59
-56
-57
-58
-60
-58
-50
-46
-46
-47
-41
-37
-31
-26
-29
-22
-20
-7
-4
4
3
14
19
32
39
44
50
60
68
84
94
96
107
114
128
140
146
144
150
157
173
174
175
175
180
186
187
186
180
176
172
169
168
165
156
150
141
136
133
127
117
110
101
96
96
92
81
72
66
63
62
58
55
45
40
39
41
40
31
28
29
27
33
32
26
22
21
18
23
26
21
14
15
16
21
23
18
13
15
13
22
22
22
15
15
15
26
22
22
16
16
17
25
24
23
16
20
21
22
24
19
17
19
24
23
22
18
18
19
26
24
17
17
18
23
26
22
18
19
18
22
20
22
17
20
17
25
21
17
19
19
21
21
21
18
18
15
24
23
19
15
17
21
24
19
15
14
11
18
16
15
12
9
10
14
15
12
4
6
5
15
11
11
10
11
11
18
16
13
10
12
11
21
19
18
17
13
17
23
21
22
16
21
22
28
26
24
24
25
24
30
30
30
25
26
26
33
33
32
23
21
20
26
26
28
20
20
18
21
21
18
14
14
15
18
20
20
14
7
15
22
18
18
12
15
13
19
18
18
14
15
23
21
22
13
21
13
24
22
24
22
19
23
27
26
20
22
24
33
30
34
27
26
27
38
35
34
29
27
36
34
32
30
30
28
36
34
32
29
28
31
33
33
28
29
29
37
31
32
30
25
27
32
33
31
29
29
30
34
33
35
35
38
49
68
80
92
103
116
130
146
147
132
94
61
33
23
15
6
-27
-65
-111
-156
-195
-230
-256
-256
-256
-256
-256
-256
-239
-217
-194
-164
-146
-130
-118
-103
-88
-69
-62
-51
-51
-45
-41
-29
-22
-19
-24
-22
-17
-9
-3
-4
-11
-3
-3
4
9
7
4
3
8
12
13
10
12
11
10
21
19
15
14
15
23
21
20
16
22
18
25
26
25
23
23
27
29
26
22
21
21
28
28
26
23
23
22
27
26
22
19
24
30
27
26
23
25
23
30
29
28
25
22
22
29
27
23
23
23
27
27
27
23
20
20
26
27
27
23
21
23
27
29
28
20
18
18
27
28
23
18
18
19
23
25
24
21
19
21
27
26
24
19
18
17
20
23
19
19
17
18
22
21
21
15
14
15
17
19
17
17
14
12
17
21
18
18
12
11
15
18
21
16
10
11
16
16
17
14
10
11
17
19
17
10
13
10
18
18
15
11
9
15
19
14
11
10
12
17
14
11
10
6
9
17
16
8
6
9
15
15
14
9
5
7
16
12
10
5
4
6
11
9
4
2
3
10
10
2
-1
-2
-1
0
1
-1
-8
-7
-4
-4
-8
-13
-14
-16
-9
-10
-13
-15
-21
-20
-19
-16
-23
-28
-31
-30
-26
-28
-31
-38
-38
-40
-37
-34
-40
-48
-50
-51
-51
-47
-49
-55
-58
-57
-61
-52
-57
-57
-60
-62
-61
-56
-53
-53
-61
-58
-57
-49
-47
-42
-45
-44
-39
-28
-24
-21
-21
-15
-8
6
8
14
16
26
33
49
55
63
68
74
89
103
110
112
122
130
143
148
154
156
162
165
176
180
174
180
177
182
182
176
171
167
161
161
155
151
138
131
125
128
115
105
99
92
95
86
80
68
65
61
61
54
52
42
40
40
41
39
29
27
23
28
28
23
22
18
22
23
22
13
15
15
22
21
19
18
13
14
17
22
19
17
12
14
16
20
20
22
15
13
16
21
21
21
17
15
19
25
20
21
19
17
18
24
23
22
21
18
18
25
23
26
21
21
20
27
25
24
20
18
20
25
28
24
18
18
19
23
26
25
18
14
15
21
19
16
7
6
2
9
1
-5
-10
-8
-10
-12
-13
-20
-26
-26
-24
-28
-32
-36
-42
-39
-38
-41
-46
-44
-48
-43
-40
-42
-49
-45
-46
-38
-38
-35
-37
-37
-27
-25
-24
-22
-20
-18
-9
-2
-1
-3
0
6
15
15
13
19
20
27
31
31
28
28
33
38
39
40
37
37
34
42
43
42
38
35
38
44
45
42
38
41
38
45
44
45
42
41
38
47
47
48
42
41
43
49
49
47
42
44
40
47
50
44
40
41
40
47
47
45
40
42
39
46
45
42
34
38
37
43
44
40
36
39
35
42
43
39
37
35
39
39
43
42
34
34
39
41
43
41
37
34
35
44
44
38
37
34
42
41
41
39
39
36
40
39
38
33
36
41
45
46
45
53
67
88
101
113
122
136
141
144
127
88
47
20
8
-1
-13
-42
-79
-127
-168
-209
-245
-256
-256
-256
-256
-256
-256
-242
-216
-188
-166
-148
-136
-117
-103
-80
-71
-61
-58
-53
-45
-35
-27
-27
-25
-23
-21
-11
-7
-5
-7
-5
-5
6
4
8
2
5
5
15
14
13
10
12
10
18
19
20
13
14
14
18
23
19
17
17
16
20
25
24
19
15
18
23
25
25
18
12
20
23
30
28
17
23
23
23
30
28
24
26
23
32
31
31
24
26
23
30
29
29
24
23
22
29
25
26
23
24
28
28
27
22
25
22
29
28
25
23
21
26
25
27
20
21
23
25
23
25
20
20
23
25
23
19
18
16
25
23
24
19
20
19
23
24
21
16
21
22
27
23
17
19
16
24
23
21
17
13
18
24
26
21
17
13
15
23
23
21
15
14
16
22
21
22
16
17
12
20
19
19
13
12
14
14
21
18
14
13
14
17
18
17
14
11
13
13
19
17
17
10
12
12
16
17
13
10
11
9
15
15
11
10
7
9
13
10
13
4
6
8
10
6
4
2
2
5
8
1
-5
-2
-7
0
-1
-7
-13
-10
-6
-7
-9
-13
-13
-17
-14
-13
-14
-23
-26
-22
-19
-24
-29
-28
-31
-30
-28
-31
-40
-42
-39
-37
-39
-44
-46
-48
-47
-45
-49
-55
-55
-59
-51
-53
-55
-57
-60
-59
-54
-50
-57
-57
-54
-45
-45
-42
-44
-43
-36
-28
-25
-20
-23
-18
-15
-4
6
6
14
18
22
30
46
54
59
67
77
88
99
108
115
117
130
133
150
154
157
162
166
171
178
179
180
175
173
172
176
174
168
160
156
149
151
143
137
128
119
113
111
105
99
88
82
75
77
73
65
56
51
52
50
47
44
36
32
34
35
30
27
27
25
29
27
25
20
19
15
22
22
17
16
16
21
22
19
15
17
15
23
24
23
18
18
24
25
24
22
22
21
26
26
24
22
20
19
26
28
22
21
22
25
27
27
20
22
20
25
26
24
16
17
20
24
24
21
18
17
19
25
23
17
16
17
16
25
22
20
12
14
13
18
16
10
4
0
1
3
-3
-8
-15
-19
-24
-19
-26
-32
-41
-43
-49
-48
-50
-56
-66
-72
-75
-71
-70
-75
-82
-83
-81
-74
-75
-75
-76
-74
-73
-61
-56
-54
-55
-54
-50
-38
-31
-32
-30
-25
-23
-13
-9
-4
-3
-1
5
15
15
16
18
18
26
31
32
31
32
31
43
39
41
40
41
41
49
46
45
45
45
50
53
54
49
49
51
55
61
60
53
53
60
60
62
54
57
57
65
62
64
56
55
53
60
60
56
53
53
57
58
56
49
50
48
53
51
51
44
45
45
49
46
46
41
39
44
46
46
45
38
40
43
47
47
48
42
44
46
48
49
48
39
42
38
43
42
45
36
37
38
42
43
39
36
36
35
39
43
39
35
34
40
48
52
61
71
82
96
120
134
141
143
135
111
79
41
6
-21
-25
-34
-51
-89
-131
-184
-221
-255
-256
-256
-256
-256
-256
-256
-230
-207
-191
-169
-148
-126
-105
-94
-88
-72
-65
-53
-46
-40
-41
-32
-25
-19
-16
-16
-19
-12
-3
1
0
-4
3
0
9
12
8
6
7
17
16
19
11
16
14
24
23
23
21
19
19
30
25
23
20
25
26
29
29
21
20
23
29
29
31
27
25
23
30
30
31
28
27
28
33
34
34
27
27
28
37
34
35
29
27
28
31
36
34
29
26
29
28
33
31
22
23
23
25
26
26
21
19
18
20
22
24
22
20
17
21
21
23
22
17
16
20
24
24
19
17
20
20
27
25
19
17
18
23
23
23
19
18
18
24
24
23
18
18
17
24
22
17
17
17
23
23
23
17
19
16
25
25
20
17
20
22
24
25
19
15
17
21
23
21
18
16
16
25
21
17
20
20
25
22
20
15
16
15
22
24
20
13
14
12
18
17
14
10
10
15
18
14
8
11
9
15
13
14
6
4
4
6
13
8
4
3
-1
-2
7
4
5
0
-1
-1
4
0
0
-4
-6
-5
2
-2
-7
-14
-16
-15
-11
-12
-15
-23
-24
-27
-20
-25
-28
-32
-36
-36
-30
-36
-36
-40
-42
-47
-41
-45
-46
-53
-57
-54
-51
-56
-57
-61
-66
-65
-58
-60
-67
-67
-64
-62
-60
-60
-66
-59
-59
-51
-47
-46
-48
-44
-41
-33
-30
-28
-23
-20
-8
-6
0
2
4
13
27
35
39
42
51
66
75
85
88
94
103
118
127
134
134
144
148
160
168
164
171
172
179
181
181
175
176
172
179
172
168
159
153
149
147
143
134
124
116
111
107
102
92
83
80
70
75
66
62
49
46
42
46
40
37
29
26
26
27
29
21
17
18
17
24
19
18
15
14
14
17
19
14
10
9
10
18
15
14
11
9
10
16
17
15
11
8
9
11
15
13
10
7
9
15
17
12
12
11
11
18
14
17
12
11
10
19
15
11
11
13
16
15
14
10
10
9
16
19
13
11
10
15
17
16
9
11
8
16
16
15
10
12
8
15
15
10
10
9
17
16
15
11
11
10
13
14
17
12
12
12
20
20
14
18
17
26
24
24
23
23
24
28
30
29
22
22
24
28
27
25
17
21
17
25
23
22
16
15
14
19
20
15
16
12
10
17
19
18
10
13
9
18
14
12
10
7
9
11
13
13
7
7
5
10
13
14
6
6
5
13
13
13
8
8
13
14
20
20
16
15
17
18
23
20
15
17
17
23
24
22
20
19
18
27
26
25
19
22
23
28
24
22
21
22
25
26
25
19
19
19
27
27
23
22
22
26
25
23
20
22
21
27
27
27
18
22
21
27
28
20
20
21
28
31
26
22
22
24
31
29
25
21
23
25
28
28
22
28
29
36
43
52
60
73
89
113
125
139
142
135
115
85
43
9
-13
-23
-32
-45
-78
-123
-174
-216
-247
-256
-256
-256
-256
-256
-256
-238
-213
-192
-176
-157
-136
-122
-99
-85
-82
-72
-67
-56
-47
-43
-38
-41
-35
-34
-22
-21
-18
-20
-16
-15
-3
-2
-4
-2
-2
-2
8
8
9
8
10
11
19
19
14
17
21
23
25
26
26
27
32
36
37
38
37
40
49
49
50
43
43
47
52
56
52
47
48
49
53
51
48
49
45
51
50
51
46
44
40
48
45
45
38
38
37
42
39
36
35
31
36
37
32
30
29
27
35
31
31
25
25
28
27
29
22
20
25
24
30
29
27
20
21
25
26
29
26
20
22
22
25
27
24
22
18
19
29
26
26
21
22
21
25
25
24
19
20
21
27
25
22
20
23
20
27
27
23
21
20
20
28
26
24
22
22
22
26
25
23
18
17
17
26
25
22
17
20
18
23
25
23
16
15
16
23
24
21
16
17
25
26
24
17
19
17
24
23
22
16
19
25
26
23
19
19
19
23
21
20
17
15
15
21
18
15
13
12
20
16
15
13
12
13
16
12
15
10
7
13
11
9
2
-1
-2
4
3
-1
-8
-9
-9
-8
-9
-17
-21
-24
-25
-22
-21
-30
-33
-38
-37
-34
-35
-42
-51
-51
-52
-47
-53
-49
-60
-66
-63
-62
-62
-66
-73
-77
-77
-70
-70
-73
-74
-73
-73
-64
-64
-60
-62
-61
-57
-48
-43
-37
-39
-34
-25
-16
-7
-2
1
11
16
33
44
52
56
64
74
89
101
111
113
116
131
145
152
157
159
160
171
175
178
179
176
179
181
184
179
169
167
161
162
157
148
140
131
125
123
115
106
96
88
85
83
72
62
55
49
50
44
38
29
23
21
21
19
10
9
8
8
8
7
-2
4
0
7
5
4
-6
-5
-2
2
4
0
-4
-1
4
1
3
0
-1
-2
5
5
4
-1
1
0
10
7
5
1
1
0
4
6
6
3
2
-1
8
6
9
4
1
1
7
8
6
2
4
2
9
10
10
5
5
3
4
10
12
10
5
6
8
14
13
13
6
7
10
17
15
12
7
9
8
16
11
11
9
11
8
14
16
10
9
12
16
17
16
15
18
13
22
21
20
18
16
21
26
28
24
22
23
27
32
27
25
24
21
28
32
28
22
21
25
28
23
21
19
21
26
24
24
16
16
14
23
22
15
17
14
20
21
20
17
16
16
21
19
17
13
17
15
20
20
18
12
16
14
21
23
19
16
16
17
22
20
19
16
16
17
19
21
20
14
17
16
22
23
19
15
16
17
23
21
18
14
15
17
19
22
21
17
15
16
25
25
22
18
21
20
24
27
26
23
22
20
27
27
23
19
22
23
27
28
25
22
21
21
27
28
27
22
19
22
27
28
27
21
24
28
26
26
21
22
23
29
34
40
44
56
70
93
102
113
129
143
145
132
99
56
22
-4
-17
-37
-72
-117
-165
-202
-239
-256
-256
-256
-256
-256
-256
-256
-239
-217
-194
-165
-142
-130
-117
-103
-87
-76
-67
-66
-59
-51
-43
-35
-34
-38
-34
-33
-22
-18
-16
-21
-18
-15
-7
-4
-1
-4
-3
3
11
10
13
13
13
19
23
31
31
30
30
32
37
42
43
41
41
42
48
53
51
48
47
47
51
54
56
49
49
48
52
50
49
44
43
41
46
48
46
42
41
42
42
42
43
37
36
35
38
39
40
30
31
28
33
35
35
26
25
25
33
31
31
27
24
30
32
29
23
24
24
30
28
26
23
23
23
28
25
20
23
21
25
28
25
22
20
21
28
25
25
19
20
20
26
25
22
18
18
26
24
22
20
22
21
23
24
21
17
19
22
26
25
17
19
18
25
25
21
18
18
20
21
25
24
22
22
20
24
25
23
19
16
17
23
25
23
19
16
16
22
26
22
19
16
18
18
22
22
20
17
15
13
20
20
16
17
14
13
20
20
17
11
15
10
17
16
18
13
9
8
16
13
8
7
5
4
11
8
8
5
3
4
7
5
1
1
2
6
2
-1
-4
-6
-11
-6
-10
-14
-19
-21
-20
-20
-26
-29
-32
-35
-32
-37
-40
-46
-51
-53
-49
-54
-60
-65
-68
-64
-66
-73
-79
-79
-85
-78
-84
-85
-90
-91
-92
-83
-85
-92
-94
-88
-79
-78
-77
-75
-76
-71
-60
-56
-52
-48
-42
-39
-23
-17
-8
-5
5
12
27
40
46
52
63
74
93
101
114
115
124
137
149
158
163
165
170
174
183
189
188
182
185
183
186
182
176
170
163
157
157
150
144
133
124
116
118
110
102
90
85
76
75
71
67
57
51
46
47
47
39
31
29
27
32
28
24
17
19
16
19
17
17
10
13
9
15
14
7
9
5
16
14
15
7
9
9
15
13
10
9
10
14
16
13
12
8
9
20
14
18
12
14
13
19
19
12
14
17
22
23
24
21
19
20
27
25
23
20
20
18
26
26
24
20
21
28
27
27
23
20
23
29
30
28
20
21
21
30
26
25
21
22
21
28
28
32
24
25
24
29
30
30
27
25
25
32
30
28
25
25
24
33
30
31
26
27
27
28
35
32
26
26
22
28
29
27
24
23
21
28
29
27
24
24
22
27
31
30
27
24
21
25
29
33
30
21
20
28
29
25
22
23
22
29
30
27
23
21
21
29
28
21
22
22
27
29
26
19
21
18
29
26
23
19
18
15
22
20
18
14
13
18
20
22
15
16
16
25
20
19
17
19
18
26
22
17
19
18
26
24
24
23
20
23
27
23
24
23
21
28
33
28
24
23
22
24
32
26
25
22
23
25
31
32
28
27
27
28
34
27
31
25
23
27
30
29
28
26
24
23
33
29
32
35
37
49
69
84
98
108
123
135
140
120
87
44
3
-18
-19
-31
-42
-81
-123
-167
-200
-238
-256
-256
-256
-256
-256
-254
-233
-218
-194
-173
-145
-124
-112
-101
-87
-73
-59
-52
-52
-46
-40
-33
-24
-21
-25
-20
-16
-8
-6
-6
-9
-7
2
4
6
2
6
7
15
17
15
11
16
15
21
21
24
18
22
26
29
28
24
22
25
30
33
32
25
26
33
33
32
25
29
28
32
32
32
28
29
30
36
35
32
27
28
29
32
32
33
26
30
29
32
29
30
23
24
25
30
30
29
22
21
22
30
27
24
22
20
23
28
25
28
21
21
23
27
28
24
20
21
20
30
26
28
22
23
26
24
27
26
22
21
21
24
25
22
19
20
15
25
22
24
18
18
19
24
23
22
20
18
18
26
25
24
17
19
20
26
19
19
18
16
24
23
20
18
18
18
23
20
17
19
16
22
21
23
17
18
14
21
23
18
18
16
15
20
23
15
15
14
21
23
20
18
18
15
23
19
17
15
12
20
19
16
14
11
8
16
17
14
10
8
6
15
14
13
8
6
7
10
12
8
6
3
1
7
9
4
-2
-2
-5
4
-1
-1
-9
-11
-13
-7
-7
-11
-14
-16
-19
-17
-17
-17
-25
-24
-27
-28
-26
-28
-33
-40
-40
-40
-39
-46
-51
-53
-57
-55
-53
-58
-62
-66
-66
-66
-60
-62
-65
-70
-68
-68
-59
-57
-62
-59
-59
-48
-47
-44
-45
-44
-37
-29
-28
-23
-23
-13
-3
2
9
12
18
27
38
49
57
60
71
77
95
102
108
114
126
135
146
148
155
159
165
175
178
179
178
181
178
185
186
175
169
165
168
162
158
144
140
132
133
126
117
106
99
96
95
87
76
70
67
65
64
55
50
46
43
41
44
41
32
29
28
24
28
29
24
21
21
17
24
22
19
16
16
13
20
18
22
15
14
15
21
19
17
16
15
12
19
22
19
14
15
13
18
21
18
10
15
15
19
18
20
12
12
14
19
23
18
17
13
12
20
18
21
12
13
16
20
16
13
11
15
22
21
18
12
15
12
21
22
18
13
13
20
22
16
17
15
16
22
21
23
14
14
16
20
20
18
14
14
19
20
19
14
13
14
24
23
19
14
13
13
22
18
13
14
13
21
19
19
15
13
15
19
19
18
10
13
13
17
18
18
12
13
12
24
21
22
17
15
19
20
22
20
20
19
15
22
22
21
14
14
15
20
20
19
15
12
13
17
19
16
13
11
10
16
18
14
13
13
10
15
19
17
12
8
8
16
16
16
11
13
13
17
19
17
15
13
13
18
23
18
15
16
16
22
25
20
21
19
22
24
25
22
22
24
31
29
28
23
26
26
36
33
31
26
25
30
34
32
27
26
28
34
33
30
24
25
26
31
29
26
27
28
32
30
32
24
25
26
36
42
42
50
67
80
101
114
126
135
137
127
94
51
6
-14
-27
-29
-39
-68
-117
-160
-207
-233
-256
-256
-256
-256
-256
-256
-243
-219
-203
-182
-160
-136
-115
-100
-92
-81
-74
-56
-50
-46
-43
-41
-32
-28
-18
-16
-21
-17
-13
-12
-2
-3
-1
-3
-1
1
6
8
9
7
8
8
15
16
17
14
17
17
26
25
21
17
19
19
29
25
25
21
24
26
27
29
26
23
26
34
34
31
24
28
31
35
33
29
28
28
35
37
35
30
32
29
36
36
37
30
31
33
35
36
28
31
30
34
36
36
35
29
33
39
35
32
31
30
36
34
35
31
28
29
34
36
33
28
29
28
34
34
28
26
28
25
35
35
32
27
24
23
33
28
30
21
25
22
29
30
25
21
25
23
28
25
27
22
21
20
27
24
21
17
17
17
25
23
25
15
18
16
23
23
19
16
13
15
22
19
18
14
16
13
20
20
19
15
11
13
19
17
16
10
10
11
16
15
15
8
7
6
13
16
15
3
6
12
12
12
7
7
5
11
10
10
6
6
4
10
9
3
2
2
9
6
5
-2
-3
-3
1
-2
-4
-8
-7
-9
-3
-8
-14
-16
-15
-14
-12
-16
-19
-20
-24
-18
-21
-25
-32
-30
-29
-27
-34
-37
-40
-38
-34
-40
-42
-48
-51
-53
-46
-45
-50
-60
-59
-60
-55
-59
-59
-65
-70
-68
-60
-64
-64
-68
-67
-65
-57
-58
-59
-59
-57
-55
-43
-44
-40
-39
-39
-34
-25
-17
-15
-12
-5
0
10
21
30
28
41
45
62
71
81
86
92
104
119
126
132
138
141
149
155
169
172
169
171
174
172
179
181
171
172
166
167
164
156
147
142
137
137
131
123
110
106
101
96
93
78
72
70
73
66
61
54
53
49
51
43
43
36
35
37
37
34
28
26
27
29
33
30
24
21
22
30
28
23
18
17
23
21
21
18
13
15
22
18
17
14
12
12
20
16
9
8
8
16
14
11
6
3
5
8
13
12
8
3
2
4
7
10
11
4
1
6
8
5
3
2
2
0
10
9
7
2
1
1
6
9
8
4
3
5
9
7
3
-1
-1
0
1
0
-7
-9
-14
-20
-18
-20
-26
-32
-38
-42
-41
-46
-53
-57
-63
-65
-62
-66
-66
-71
-72
-67
-64
-62
-62
-61
-58
-53
-44
-43
-45
-41
-34
-22
-19
-13
-15
-5
-5
6
11
11
13
17
29
33
37
32
33
40
46
49
47
48
48
51
58
60
53
53
54
58
61
60
56
56
55
62
60
58
53
55
56
61
57
52
54
52
57
58
56
51
49
49
56
56
54
50
50
49
53
53
53
49
47
47
57
53
52
46
47
46
54
51
49
48
47
47
49
47
49
43
42
43
49
49
49
43
41
40
46
45
45
42
40
42
46
43
44
40
38
38
45
44
44
37
38
37
44
45
43
34
37
35
42
41
42
37
35
36
37
41
41
42
49
60
79
92
105
118
131
143
151
135
97
59
16
-5
-17
-26
-42
-70
-112
-153
-194
-235
-256
-256
-256
-256
-256
-256
-250
-226
-197
-176
-156
-140
-124
-108
-82
-76
-69
-58
-50
-36
-34
-26
-26
-23
-19
-10
-8
-6
-9
-5
-2
5
6
10
4
8
13
13
17
10
12
15
20
20
22
18
16
15
21
21
21
20
15
16
21
26
23
17
19
20
25
27
25
21
22
23
22
30
26
30
23
26
25
32
33
28
24
25
27
32
33
27
24
24
26
32
31
31
26
25
25
28
30
27
21
22
22
32
27
23
18
21
22
26
25
21
18
15
19
23
23
15
17
18
21
22
18
14
15
14
21
20
14
13
14
21
22
18
11
15
12
20
19
19
12
15
14
20
17
11
11
11
22
21
16
13
15
13
23
20
21
15
14
18
21
23
16
16
16
23
20
20
16
17
17
25
23
22
17
18
18
26
24
27
18
21
19
25
26
22
17
18
18
27
23
23
19
19
18
25
23
24
19
17
16
24
23
24
16
18
13
22
23
18
13
13
13
18
17
15
10
6
6
13
14
10
7
5
1
9
8
6
-3
-1
-5
-1
0
-1
-6
-10
-12
-7
-5
-11
-17
-17
-19
-13
-15
-22
-26
-28
-22
-26
-26
-31
-34
-39
-31
-32
-36
-45
-44
-47
-43
-47
-51
-54
-57
-53
-55
-56
-56
-60
-62
-54
-53
-56
-59
-57
-55
-47
-46
-48
-47
-45
-32
-30
-29
-28
-23
-19
-8
-1
4
3
12
23
28
39
41
49
55
72
81
86
93
100
111
124
134
139
142
146
153
161
166
171
168
172
170
174
175
175
164
163
160
163
157
150
139
134
130
125
120
115
101
96
92
82
87
78
70
61
57
58
55
49
46
39
35
30
34
31
26
19
18
18
24
21
21
12
13
9
15
18
17
11
10
10
18
18
15
14
13
24
20
25
16
17
18
23
24
24
20
22
20
27
24
21
19
19
27
27
23
17
17
16
25
21
21
15
15
16
21
17
12
13
11
18
19
18
14
9
12
17
18
14
10
10
15
16
15
12
9
10
15
13
8
2
2
0
4
0
-5
-9
-14
-17
-12
-20
-19
-27
-31
-36
-31
-36
-44
-52
-53
-55
-51
-56
-59
-65
-69
-70
-66
-65
-65
-67
-68
-64
-57
-56
-50
-50
-44
-40
-27
-23
-17
-20
-15
-5
5
9
11
13
16
20
28
32
37
33
36
40
49
52
55
48
49
52
57
62
64
57
58
59
66
72
67
64
63
63
67
68
64
64
61
59
70
64
59
60
59
64
64
62
58
58
58
65
63
64
55
56
59
63
59
55
51
54
61
57
56
49
50
48
52
50
45
48
44
54
50
50
40
42
43
49
46
41
36
36
38
41
41
39
32
36
43
38
36
34
33
34
39
40
37
35
34
33
36
38
37
30
30
32
38
36
34
32
30
31
38
40
44
44
52
65
85
103
116
121
132
139
130
106
63
17
-9
-26
-29
-37
-61
-105
-153
-200
-238
-256
-256
-256
-256
-256
-256
-250
-228
-207
-191
-168
-149
-123
-109
-94
-83
-75
-65
-48
-43
-43
-40
-32
-24
-21
-16
-17
-15
-13
-5
-3
0
-5
-1
4
9
6
7
5
7
16
18
14
8
8
13
21
20
17
15
15
18
22
18
16
14
13
22
23
19
15
16
15
25
22
20
17
19
27
26
27
19
20
22
31
27
26
25
24
28
32
30
27
23
26
28
33
31
29
22
23
25
32
26
29
20
24
20
28
28
28
23
23
23
26
27
25
21
21
20
26
25
26
19
20
21
28
26
25
18
19
18
26
24
24
17
16
19
25
26
24
18
20
19
25
26
22
16
18
16
23
24
21
14
12
20
22
23
20
18
14
19
23
21
21
16
19
23
23
19
13
17
18
23
23
21
13
15
13
22
19
14
13
14
20
19
17
12
14
11
21
17
16
13
10
15
17
15
12
6
9
13
14
15
6
7
7
13
11
5
4
6
9
8
7
4
3
1
9
8
5
3
1
-1
4
7
3
-4
-2
-2
2
-1
-1
-7
-8
-9
-2
-4
-8
-14
-16
-18
-14
-15
-15
-24
-22
-27
-22
-22
-27
-31
-34
-38
-36
-35
-38
-41
-44
-46
-41
-45
-47
-53
-52
-52
-53
-52
-52
-57
-60
-62
-56
-55
-55
-60
-59
-57
-54
-51
-51
-46
-50
-47
-39
-33
-32
-31
-25
-25
-11
-7
-3
-1
4
12
24
29
36
41
46
62
69
77
81
92
99
115
121
128
128
139
145
158
163
161
162
166
174
179
179
170
172
169
173
169
163
154
151
145
147
136
129
118
114
112
108
99
92
82
77
77
70
62
54
51
52
50
44
38
32
30
33
30
30
22
21
17
21
22
19
13
13
13
15
19
21
15
14
10
13
16
15
14
11
8
9
18
17
12
8
9
11
15
15
15
13
12
12
21
20
19
11
12
12
22
18
20
16
15
15
23
22
17
16
15
18
23
20
21
15
16
15
20
25
19
17
12
13
24
21
14
14
13
20
19
21
14
12
14
23
22
19
13
14
14
19
18
12
12
11
20
20
18
15
13
11
21
20
18
16
16
16
21
21
17
18
21
26
26
27
19
24
20
28
29
23
22
22
30
28
26
25
21
26
30
24
28
22
20
20
26
23
24
19
17
19
24
22
21
14
16
17
21
19
19
13
12
14
21
18
16
11
10
13
16
18
17
11
9
11
16
20
17
13
11
14
18
19
21
13
15
15
23
22
21
14
14
18
21
24
25
17
18
17
25
23
22
21
16
21
24
24
25
17
22
18
23
25
27
20
16
17
27
22
22
19
17
24
27
23
19
19
17
26
29
24
21
18
23
26
26
21
20
21
27
25
26
22
22
22
27
28
25
22
26
36
41
54
59
75
89
110
126
140
139
128
101
70
25
-4
-22
-31
-30
-57
-95
-148
-191
-227
-252
-256
-256
-256
-256
-256
-254
-231
-207
-195
-173
-155
-131
-115
-101
-94
-84
-78
-66
-58
-53
-54
-50
-47
-37
-33
-29
-28
-27
-21
-15
-10
-5
-11
-8
-6
-4
4
7
3
2
3
8
11
14
12
8
15
13
19
20
24
18
21
21
31
31
33
28
32
35
42
41
44
37
40
45
51
50
47
44
45
52
54
48
45
49
46
52
49
46
44
45
47
47
46
40
39
36
45
38
41
35
33
30
37
37
33
27
27
36
35
33
29
27
26
33
30
28
25
23
29
32
31
23
23
23
29
29
29
22
23
27
30
28
22
22
22
28
29
26
20
24
23
21
27
25
22
22
23
26
30
25
27
20
25
22
28
24
24
21
19
20
26
25
22
16
19
21
25
24
24
17
18
19
25
22
23
20
20
18
25
22
21
14
16
17
22
23
20
17
17
18
23
21
16
11
14
16
22
19
16
15
12
14
19
17
17
11
10
18
18
15
9
10
11
18
19
13
10
11
8
15
17
10
9
8
14
11
9
2
1
2
10
3
2
-4
-6
-3
-4
-8
-11
-15
-19
-16
-16
-24
-25
-32
-33
-29
-32
-37
-44
-46
-43
-43
-49
-58
-55
-60
-55
-58
-61
-65
-66
-71
-63
-64
-67
-74
-75
-73
-67
-68
-72
-73
-72
-70
-59
-61
-60
-60
-59
-57
-42
-39
-37
-36
-29
-25
-10
-4
1
5
13
21
38
46
51
57
69
76
95
101
108
115
121
130
145
154
155
154
162
166
180
182
181
178
179
176
184
178
176
167
163
158
157
149
142
134
126
118
118
111
101
90
82
75
76
69
62
52
49
47
43
38
29
23
21
25
23
19
14
11
9
16
15
5
9
10
12
13
13
8
10
8
17
16
13
8
11
12
19
13
9
13
10
21
19
19
11
16
15
19
18
17
12
12
16
21
17
11
11
12
21
18
15
12
10
11
20
22
19
13
15
15
19
22
19
17
16
14
19
23
17
15
17
16
25
22
22
16
18
17
22
26
20
19
17
18
19
20
21
15
15
15
16
23
21
17
12
14
16
21
22
15
17
17
19
24
27
22
20
20
21
26
28
26
21
19
25
27
25
19
21
21
24
22
25
19
20
17
24
26
23
19
20
25
23
22
17
20
17
22
22
23
16
15
16
25
24
19
14
18
20
21
20
17
14
21
21
25
21
19
18
16
24
23
19
19
18
22
26
21
17
18
18
23
24
24
18
17
17
24
22
20
17
15
18
24
20
21
18
19
16
22
24
22
17
20
19
25
22
20
16
16
19
25
22
21
18
18
16
23
22
22
17
19
18
27
23
20
20
17
18
24
25
21
21
18
16
22
25
21
20
18
16
26
24
22
19
19
22
32
35
42
45
59
75
97
110
123
131
144
135
118
83
37
5
-12
-11
-20
-43
-87
-131
-180
-208
-245
-256
-256
-256
-256
-256
-256
-242
-220
-199
-171
-153
-135
-122
-106
-96
-79
-71
-66
-65
-58
-50
-43
-39
-42
-35
-34
-24
-21
-16
-22
-17
-13
-6
-5
-5
-4
-2
7
8
8
8
10
9
22
20
25
19
24
24
36
37
33
33
37
36
44
49
49
43
42
46
50
51
51
47
47
46
53
52
47
46
44
46
49
47
46
38
36
36
39
42
39
35
31
33
36
37
34
29
30
27
32
33
28
29
25
24
33
32
29
22
24
24
29
27
29
23
26
24
28
32
32
25
26
22
30
31
28
26
22
23
30
28
22
21
25
25
29
27
23
17
20
22
24
23
20
18
20
26
22
18
19
21
26
25
22
18
18
18
22
21
22
14
15
22
21
27
17
18
16
22
22
22
18
17
20
24
25
23
17
16
23
27
23
21
19
16
24
24
23
19
16
16
23
24
21
17
17
16
20
18
18
14
11
11
15
17
18
6
10
11
11
17
16
11
9
8
13
17
15
11
9
8
8
15
13
6
3
5
4
10
4
4
-1
-2
-7
0
-2
-2
-9
-12
-12
-8
-8
-12
-16
-21
-22
-17
-23
-22
-32
-35
-34
-34
-37
-45
-48
-47
-47
-47
-51
-61
-59
-65
-58
-62
-67
-73
-73
-71
-72
-75
-85
-84
-79
-75
-77
-75
-82
-78
-77
-67
-64
-69
-65
-59
-51
-46
-41
-40
-35
-29
-13
-7
-3
2
13
24
35
45
50
60
68
84
97
104
109
118
129
142
150
155
158
169
170
183
185
186
185
186
184
188
186
182
173
169
166
165
159
154
142
134
127
127
117
107
95
87
84
83
76
68
57
47
45
43
42
34
28
25
18
24
21
21
13
10
11
16
14
12
6
5
5
9
13
11
5
5
5
10
14
11
4
8
5
14
15
11
9
7
9
16
14
13
8
12
11
18
16
9
10
11
16
16
17
11
14
13
17
18
19
15
14
18
20
19
16
16
15
19
20
17
13
17
12
23
20
15
14
16
18
21
17
12
15
15
23
21
17
12
10
14
19
15
9
11
11
18
17
17
8
9
10
20
19
16
13
9
13
15
18
16
13
11
9
17
19
17
12
14
11
16
15
16
9
9
10
15
15
12
11
11
9
9
15
14
14
9
10
16
16
17
18
13
14
15
21
19
20
14
18
19
26
21
24
16
18
21
24
25
21
20
17
19
25
24
21
18
17
15
21
22
16
13
15
18
17
16
13
11
13
17
17
16
9
9
15
16
16
10
9
13
22
17
12
10
9
12
19
16
12
12
15
22
21
16
15
14
16
22
20
20
18
17
18
24
24
19
21
20
27
28
26
22
25
23
32
31
27
27
29
26
32
34
33
30
28
33
38
37
36
30
31
38
50
55
69
76
90
105
129
140
145
139
118
84
51
15
-6
-17
-24
-42
-75
-116
-166
-214
-246
-256
-256
-256
-256
-256
-256
-235
-208
-184
-163
-150
-130
-110
-89
-77
-70
-62
-54
-50
-39
-29
-28
-28
-27
-24
-15
-10
-11
-12
-8
-7
3
4
4
3
3
8
16
14
13
12
16
22
23
25
20
20
21
28
32
29
26
25
33
33
35
31
31
30
39
39
37
32
34
34
38
37
36
31
35
40
40
37
33
30
30
38
38
34
31
29
29
35
33
30
26
31
33
33
35
27
25
30
34
34
33
25
24
26
30
33
28
23
24
23
30
26
30
20
23
23
27
30
25
20
20
19
26
28
27
21
20
18
22
23
23
19
19
18
24
27
26
19
17
16
22
26
23
21
16
15
19
24
26
20
16
17
18
22
24
18
19
17
18
26
24
22
18
18
22
25
23
20
19
20
23
25
22
16
18
17
21
25
16
18
18
23
21
22
18
16
16
23
20
22
16
15
19
21
17
17
16
13
20
20
18
11
13
13
20
17
13
11
14
14
18
15
8
5
7
15
12
12
3
3
6
8
6
5
0
-2
4
3
4
-7
-10
-11
-9
-6
-8
-16
-17
-22
-19
-16
-17
-20
-26
-28
-33
-27
-27
-33
-40
-40
-43
-38
-42
-44
-50
-53
-56
-52
-54
-55
-63
-66
-69
-63
-64
-67
-72
-76
-73
-65
-69
-70
-73
-72
-71
-59
-61
-61
-61
-59
-56
-48
-42
-38
-42
-37
-29
-18
-11
-9
-7
1
8
23
29
35
42
52
64
83
88
95
103
112
129
134
144
144
151
160
172
174
175
176
176
185
185
181
172
174
166
167
166
158
149
141
135
135
123
116
109
97
100
94
85
75
68
63
65
58
52
45
41
38
42
37
30
26
23
28
29
23
17
15
15
19
19
15
14
11
11
14
17
15
9
12
8
19
18
14
12
13
11
19
19
13
14
12
11
20
17
15
12
12
12
22
22
19
17
13
15
21
24
19
15
15
14
21
21
19
13
15
16
18
20
18
15
13
16
20
22
16
12
11
16
13
19
18
18
15
12
19
20
19
16
15
18
22
24
19
18
20
17
27
24
19
19
16
26
29
25
21
23
20
27
29
26
21
24
25
28
27
21
21
22
22
24
24
20
19
19
24
23
22
19
17
19
25
25
18
22
18
27
28
26
19
23
20
30
27
25
20
20
28
31
28
17
18
23
18
25
24
24
19
19
16
21
21
18
13
14
16
19
19
18
12
12
13
18
18
17
10
13
12
18
19
15
12
11
13
19
18
16
10
12
13
17
20
17
14
18
17
24
25
24
17
18
21
27
29
29
27
25
24
34
34
31
30
30
33
36
34
35
30
31
31
35
37
31
29
29
34
33
32
30
27
26
32
31
28
25
25
29
28
28
22
23
27
33
43
49
51
69
87
107
125
131
138
133
119
85
40
4
-17
-29
-27
-46
-83
-134
-178
-220
-245
-256
-256
-256
-256
-256
-250
-227
-203
-182
-162
-140
-120
-103
-91
-82
-71
-54
-50
-43
-40
-34
-32
-23
-19
-13
-17
-15
-12
-1
-4
0
-5
-1
-3
8
8
9
5
8
10
16
15
16
12
13
14
21
22
18
15
16
16
24
24
24
20
22
21
30
30
30
23
23
26
30
34
30
22
27
24
34
34
33
30
26
28
35
32
31
29
28
28
35
35
31
28
27
26
35
30
24
27
24
31
33
29
27
24
24
28
28
28
23
25
25
29
26
22
22
21
30
26
28
22
20
23
29
27
24
20
23
25
29
24
20
19
19
24
27
23
20
18
18
24
22
14
19
16
22
22
22
20
19
16
22
23
23
18
18
17
24
25
24
18
19
19
23
26
24
19
19
16
21
22
23
20
15
19
16
21
21
20
15
17
15
20
19
19
14
15
16
21
21
19
15
15
17
22
22
19
14
17
14
21
21
19
13
11
12
17
19
19
13
13
9
15
15
13
8
11
13
13
10
11
8
8
10
8
9
3
0
-1
6
5
-2
-4
-4
-2
-2
-7
-17
-12
-15
-13
-10
-15
-22
-22
-24
-22
-25
-32
-35
-35
-31
-32
-36
-42
-45
-43
-42
-44
-47
-53
-53
-52
-49
-51
-58
-58
-61
-53
-53
-58
-60
-63
-58
-55
-54
-52
-55
-54
-48
-41
-41
-40
-40
-35
-30
-21
-15
-14
-11
-7
2
14
19
24
27
39
47
60
69
76
76
89
98
114
124
130
131
140
144
157
167
169
168
170
173
181
182
179
175
174
172
173
168
165
152
149
144
140
134
126
116
112
103
103
98
92
79
75
66
71
67
61
49
48
46
46
44
37
31
32
27
32
31
23
22
25
30
27
22
20
22
21
24
28
27
21
22
29
27
26
23
25
23
35
30
29
29
28
30
36
33
30
31
31
36
36
37
33
31
30
37
36
37
33
33
33
38
37
30
30
33
34
38
35
29
28
29
37
37
33
26
26
23
32
30
29
24
24
23
24
25
26
20
19
15
23
20
23
14
10
14
14
17
13
2
3
0
0
2
-3
-14
-12
-15
-16
-12
-14
-19
-20
-21
-20
-12
-15
-15
-18
-11
-10
1
1
1
-2
3
8
14
15
15
16
16
21
29
30
29
26
25
32
36
33
30
30
30
37
37
34
31
31
32
37
33
31
28
27
30
33
32
25
23
23
29
27
27
24
24
21
27
30
22
24
22
31
30
30
27
24
28
32
32
29
28
27
30
34
32
26
29
28
34
36
34
29
29
28
39
34
35
29
30
30
37
36
35
32
